50000
2539
50000
50000
14
2
56
3
50000
18530
279
26777
46
259
2721
14096
1
129
3
3
2
50000
18
2
1
428
50000
19
50000
53
50000
56
50000
50000
50000
4
12
82
38
9
50000
2
2
67
50000
2
1764
52
1516
2
1
3
18436
47
4
378
1
92
50001
189
50001
5
50001
17
50000
50000
50001
50000
50000
3738
7784
3544
50000
97
50000
15842
401
3993
10
281
4
50000
13
443
16
50000
50000
50000
152
4733
839
10
2
3
10050
179
582
12
1671
3745
2
2
89
2
5
5
1289
882
50000
1
356
1
3155
1
610
2
4
441
23951
918
1130
1
1
12
50000
336
2
37
3026
1
33883
31
155
2
50000
54
1
11371
2
35
50000
6872
50000
6144
14
1
18156
50000
50000
50000
43
5
50000
4045
518
50000
1
14378
1
18
55
46
868
5
722
1
45
3
447
1
50000
50001
2
50001
25
50000
50001
50001
50000
237
43
50000
50000
175
3
949
215
1
50000
9
2734
41
123
50000
64
3
2
9
9
10
2
6795
175
2
1
74
521
185
4861
50000
1
1
50001
1
846
1
11
8
1
2
50001
50000
48
50000
2
3577
4
603
1559
1
1
50001
1
13
18
219
2
2
29
47133
50001
3
50001
1
10
474
50000
5
4437
50000
8
50000
8797
234
1
50000
79
1
50000
16
1
7
2
1
1
50000
190
2
414
6
50000
3
4
455
577
132
1
696
210
50000
8394
50000
50000
1
15
50000
1
2620
1
50000
1
130
50000
423
50000
14
66
1
50000
50000
18306
1
648
50000
1
266
22
50000
9
1
50000
15
47
50000
106
1
50000
10
50000
2
1
50000
633
157
1
50000
55
5
1
1
15
2
1
119
19373
143
115
8
50000
9950
50001
1
1
12
50000
303
4804
50001
1
1
1
20415
34699
450
50001
7
2
50001
1
50000
29603
2
1
24
50000
50
1
2
223
7
2
50000
45
50000
50000
16
50000
19
180
50001
228
20
1
50001
50000
106
8
6
2436
14
1
218
50000
1
3
115
50000
50000
47
23
50000
685
50000
24
1106
1
14
1
6
3
1
206
310
80
50000
2005
6
10
50000
22
50000
50000
50000
1
9130
666
50001
3
2
50000
50000
428
11
4
60
1
50000
50000
3
30
43
1
3908
21
41
164
4882
1
32
374
50000
50001
148
16566
5244
3189
1
21
10758
14
102
377
1
50000
1
7811
38486
5
68
50000
14417
18393
50000
50000
4
1
50000
12
50001
16405
24860
1744
50000
50000
146
50001
6
50000
50001
15
50000
3
1
1
23021
9452
50000
50000
50000
261
3
4684
50000
7
50000
33818
17546
50001
50001
8
46
1687
3
2709
2456
1
39712
74
50000
50001
10
8
41180
11
50000
4
4159
13
50001
166
27
13655
50000
212
24
8
3
36404
1218
1
198
50
27
2
18
1
65
13
13
64
20
53
34
2
329
2
50001
25
50000
2
755
4290
2
33
1
6
50000
3969
46
50000
50001
7
2225
74
5
1
407
171
50000
8
50000
1
1
6
13
50001
50000
1
43419
20
25
162
35
300
4
52
37
2
2269
1
1
50000
50000
1
12456
5
1004
1699
1417
3073
2
561
3
112
2
10299
1
50000
50000
11
1
33407
6
13
1
1
58
1071
7053
76
50001
21934
50000
5
6
1
65
50000
1
30
402
50001
92
1082
50000
4
1
51
12002
688
50000
9682
50000
8498
29623
2
50000
23771
24
50001
50000
50000
990
50000
4
1
50000
50000
50000
50000
1
4427
33902
134
33
1
1
6
1
50000
1
1
513
50000
1
4
30
26
5
3
46
1236
679
4
33
9349
27447
4998
1098
24917
2
50000
198
50000
7
1
34
50001
50000
1
3279
50000
4
11
7
21
134
5
30258
91
21
23
248
1
2
10214
1
50000
559
1841
50000
50000
50000
2
72
43
3695
1
1
50000
50000
5
50001
13
54
2
36723
19
653
50000
40
50000
5
50000
2
1
553
50000
4605
15
35
19
50001
124
78
50000
4
21
2
50000
9
50000
44
125
50001
11087
54
14931
126
118
2
50000
50001
50000
50000
50001
50000
50001
1
521
470
20067
34814
19
50000
23954
2
50001
352
1
25928
1
44
50000
1
50000
2
50000
50001
50000
4
4
1
268
23
5542
2
1
11
50000
1
21655
23778
166
50000
729
1134
15
5
1
50000
29670
98
200
6
50001
1
773
784
3
50000
3
1
1
50000
1075
50001
1
14546
17
50000
1
5682
50000
1
2
1116
1
574
50000
8642
50000
457
50001
50001
9
4
1
886
153
1
17
7
50001
37271
50000
50000
100
306
156
7
32867
2
13483
617
5
267
70
1120
1
233
16
50001
7309
21
43606
1
2
76
50000
12588
50000
500
45
2
50000
50000
8
50000
13
1
506
18289
4
5
1538
50000
10350
18740
50000
50001
7739
50000
5
459
50000
2
50001
50000
50001
773
312
13368
4
20
10
34
1
1
2
95
3
1
16
39869
2
25
251
2
1
11356
31
50000
5587
1423
12608
441
3
9
29
50000
1
50000
50000
121
1
50000
258
63
1210
49331
550
50001
1408
393
2063
3
50000
21
46
1
14
160
2049
50001
23
36
50000
50000
1
50001
50000
245
1
3
1
4
850
253
50000
2
5
2
1
3
50001
6
50000
50000
221
50000
50000
10
50000
43
1
1
254
1034
835
10
50000
50000
166
13117
1
50000
56
56
13
2
3
2204
50000
50000
50000
50000
4
50000
4
3
50000
6
1
37
50000
1
21481
50000
2
50000
1
101
1381
1
341
1
23
24
1
81
50000
50000
45
1
1
50000
750
498
2
294
50000
50000
50000
50000
50000
50000
2
50000
5
1
50000
1
50001
6
50001
58
50000
1
12
44
1
19688
63
24
50001
1
20
50000
50000
10177
28681
17
339
6109
7
9
50000
9817
1066
1
46666
7
864
19
1
1
2
1
869
12851
230
15994
50000
1
1
1
50001
1
506
90
4
4
440
1
2
818
50001
5062
32
3
366
1222
10
50000
50001
1
50000
50001
7408
1216
5
1
3
1
1
8992
205
10
3146
50000
2911
1031
2082
50000
50000
50000
12
4
300
7
3911
1
50001
1022
50000
50000
50000
50000
814
88
2
50000
50000
1
50000
1
50001
2
2
3
50000
2
14706
50000
3
50000
5
6318
50000
50000
18021
50000
3339
28
1
7
3
74
50000
2
1
6
4
50001
8
21
50001
50000
16
2724
6
1272
1151
35483
105
1
28
1
55
27
3
5
50001
2
28100
5
189
5185
10
50000
3
57
2
20669
4230
9
27
50001
29
10
28537
2
378
225
25824
216
1
30
58
1
1
7
50000
50000
50000
4093
50000
6
2
167
1881
10820
50000
283
1
50000
50000
9
2
2
50000
50001
1
12
3648
20
50000
50000
12
50000
22
1878
145
4634
9
248
1
50001
2
118
3
24972
50001
1
4
4
18837
50001
2
28759
27
85
1
842
11741
50001
50001
50000
50000
20
6
50000
50000
1
50000
209
5
11
33
889
3
50001
129
50000
50000
3
50000
13
2
410
281
50000
51
50000
50000
4
380
50000
1
3
1
2
8
327
3711
50000
50001
49314
50000
50000
95
6
10
50000
1948
4
41764
50001
1251
50000
50000
50000
23
50000
1
4
27039
32593
6
50000
50000
50000
50000
95
50000
50000
50001
72
50000
379
50000
1192
1
50000
50000
50000
25009
2802
19138
50000
4
50000
50000
141
1
217
6
13
921
50000
3
50000
21
50000
1
50000
1
10
11
460
6
1
1
50000
50001
331
2
2
65
31
50000
7
294
11
96
4
10521
1
1
1
50001
50000
4
50000
50000
50001
782
6
1
50000
1
50001
50001
1513
83
1
26
127
50001
50000
50001
12
1
50001
952
21
35
9205
9
14073
12718
87
50000
5
9
17
50000
50001
28846
50000
335
7
50000
4062
4187
467
501
1
5219
50000
562
50001
1
6
12
50000
1
1
229
43490
1529
1
74
10
50000
1299
64
50000
2
4
2210
50000
1
50000
2
32
1
50000
50000
50000
6
50000
420
1
26058
50000
10109
16
50000
485
50001
50000
1
1275
50000
597
3687
13571
1850
3
10
37
97
50000
102
3
137
6822
2234
306
595
44
218
9
18
19
4
542
5
13989
6
3
50000
1
11
5
7
50001
22
1
2
3788
1
50000
50000
36
109
68
135
50001
2
1491
15175
27
1
3
7
50000
22
2
8520
36
41
519
1
1
29
32865
50000
74
5930
31
22
3
16456
803
15
115
120
1
50001
50000
31
50001
1
268
12
29
50000
50000
1243
50000
50000
6
8
50001
53
504
9386
50001
50001
2
6908
50001
210
1
1
50000
1
50000
21
50000
5892
439
34
6
1
50000
50001
50000
50000
2265
50001
41808
1297
846
50001
389
7
164
2
1386
576
2
10
239
2
50001
50000
50001
1023
28088
270
50000
5
50000
5592
1
9739
28
77
1
50001
840
50000
3326
1
1
14
491
50000
2
50000
45121
2
2
1
50000
53
26569
10653
47
2252
50000
2583
50000
50000
1907
2
414
8968
5
338
6
1
9
61
50000
754
50000
2
5
50000
22330
543
1
7225
4057
7377
12937
50000
3
50000
9
50001
50000
50000
117
2707
50000
12923
1
486
50000
97
1
50001
28863
4
50001
50000
50001
1
50000
1322
2
1
2
4
50000
50000
1
50000
1
20
50000
44136
2
1
1
27
108
1161
26
26
6
7
50000
50000
50000
82
50000
80
32359
50000
27635
1
4860
87
1442
253
65
4
116
2
15067
61
3
5738
248
6
305
10
1
50001
50000
50000
6766
1
3559
2686
1
1
50001
50000
2
1
1894
2483
18
15
1312
2
1
50000
3247
76
50000
1728
19
50000
3
3233
65
19
26
2
13
19
8
50000
50000
7510
82
421
1
50000
44099
1
27671
2
1
2
762
345
50000
14347
234
128
1275
279
3099
174
74
2
15
1
40
1
2
38
50000
2
3
50000
50000
50001
50000
50000
565
50001
74
615
1
71
40
50000
2
30
50001
2
50001
12115
52
50000
50000
50000
43525
9844
290
50001
2
50000
4
9365
5
50000
593
2
15775
50000
1
149
1
7413
1
50000
2
14
41
50001
26
14
50000
50000
1
105
155
50000
14
98
50001
50001
245
4
50000
156
1
7695
92
12
2394
2
40
1
63
18
1
49
163
1103
38265
76
50000
4
48
2
9
32
5422
1
50000
6
50000
50000
3
50000
2
30
4390
50000
3
2
9
687
186
50001
1066
194
50000
2
74
50000
647
50000
19
12
50001
1
46
2
62
1
4340
25
3
50001
20
41
28
13
50001
2
1
54
6
22
8
122
30367
50000
1
1
1
458
50000
39
50000
1
7329
5
707
1
905
1
50000
238
284
1
1
50001
50001
9252
25
31
44
9631
7
21761
50000
50000
1
12016
50000
595
50001
35
50001
50000
3
465
2
50000
1244
2
1
1
50000
20
1609
50001
50000
7
31
50000
136
54
50000
1
524
1
6
6
2
40
3
18
4044
50000
23052
6167
5
1
50000
46
3
10487
1
9
1
3
50000
50001
555
1
3
50000
50000
5
2
2
157
2
50000
2045
17695
9
26
18
3
1780
5
9769
50001
10218
2
1186
50000
2306
2
877
50000
50001
50001
50000
3
1172
50001
50000
178
6628
3
6
45
28
50000
230
50000
3
1
1
19
2
5
17574
1
50000
50000
44
378
1
48
50000
23
50001
50000
14
71
1
1
50001
7
2
10
2
16
2
50000
12
50001
50000
1
1032
5319
87
2
50000
26
1
1
50000
3
1
6
1
828
50000
1
1
8
50000
2
1
473
1
5234
50001
50000
1
50000
2
43
10
12
50000
15
12
13392
50000
2
1
50000
31
14
4
164
4
45105
18683
50001
107
11953
7
50000
1
50000
633
50001
11
50000
1
4
6
16
4
56
50000
25
4
4
3927
1
2
2
1791
50000
50000
1
1143
1
50000
50000
50000
2
3
2
1
4
47932
16
27
4435
2
1
50000
121
42
5169
1
2
50000
3
50000
50001
50000
17168
876
50001
50000
108
564
7030
3
1
1
37149
6546
50001
1
50
10
50001
4808
3135
50000
50000
48
50000
48
4
4
93
317
1
16
228
1
50
50000
50000
50000
7
50000
7
646
2
2591
50000
3
50000
3756
1640
605
3
80
50001
8
50000
298
50000
50001
50000
1925
50000
1
32269
340
5112
50
392
50000
3609
50000
50000
50000
2426
108
50000
50000
4
1
2
6359
50001
50000
2064
25
5
44
524
50001
12
9
11
20
3
133
412
50000
26
14
42038
1
55
1
3
5
1
50000
50000
14
1373
4
12
12
1
50000
50000
29
6
50000
2
50001
50000
6
373
50001
2
3286
819
27
12686
49
6330
23
410
50001
1
3
11
50000
5
568
2
12265
6
3
50000
50000
50000
34
50000
275
3592
188
11
50000
50000
1
166
1
2
599
236
2
29
5636
50000
1904
26
68
1
2052
24
47425
14
3
66
799
15516
3
50000
50001
50000
2027
50000
1689
1
40
50001
1
1
50000
50001
50000
1
6
1
3
29
50000
67
8
425
15348
1
18
5719
50000
7
50000
1
50001
1
50000
719
5137
142
315
2
109
50000
1
1225
1
3
50000
1
6
1
1127
50000
4533
13934
123
50001
50000
19444
1
2
1
43
50000
2
50000
44
50001
9
50000
50001
770
10680
626
7
3
37
14
253
4
50000
1
2
50000
5688
14
2
50000
45186
4208
50000
1
1550
1
89
50000
50000
50000
5
103
10
21
50000
4
1
1
18
47882
14502
14113
50000
1
98
40546
28
299
193
2
6
50000
2
3
50000
1050
5
43
58
2
50001
296
97
3
50000
173
17
15394
50001
3
205
8482
405
183
1
50000
5
34
165
50001
40
50000
1
35
8162
64
3
50000
7
50000
50000
570
1
3
3
2
8
1
2970
598
50000
3
2
50001
50000
50000
1
50001
1
1321
199
3
2
1
142
49632
50001
1
38
1200
6198
1
2
40
1
69
50000
1
2
50001
14
5
9
50000
90
21
14
5
410
2401
3
8355
50000
42568
4424
1
50001
23
2210
5
1948
59
1
8606
538
3
50000
50000
1
36949
50000
40
451
337
3699
1
32
183
1
2
135
50000
6641
56
5
260
9
2
1
104
1
101
6748
64
13902
50000
9
133
50001
1
1
67
1
50000
50000
50001
5614
980
8
1
50000
333
1
50001
50000
50
50000
50000
77
1175
1
67
463
49326
2798
11
50001
8
38398
89
2
1
820
45
1
21443
27
2987
46
13
7
50000
7110
50000
1
13
1
11
1
50000
6
189
50001
2
50000
1
50000
50000
50000
3
1251
33535
1976
1
287
2
1
1
50001
9
3
39743
1
50001
47
457
7
50000
1
4141
36
38124
50000
4
50000
3
107
34
242
1
35
1126
50000
4
4
50001
5
50000
4
18060
28993
18606
2858
9
2
2713
9
50001
340
5215
1
2
2
17621
37526
50001
50001
50000
48
50000
19404
8811
1
50001
50001
51
29
50001
50001
24
1452
1
50001
411
2
1
336
18021
730
3200
166
50000
25
6312
50001
10
50001
50000
50000
6835
5
50000
6188
8
1
13018
4465
1630
5755
4
68
7512
2155
50000
5
28211
1
31
35764
1213
50001
50000
1
55
468
6859
21
5851
50000
33
16
4328
21
2
2
1751
50000
14
974
2891
4042
1
47
50000
50000
64
50000
22299
50001
50000
6611
40
12
33
50000
50000
46813
240
1711
7
2
10
50000
3
293
5939
5
167
26
84
407
50000
50000
50000
50000
50000
1
10
50000
1
383
34441
50000
2505
73
1
13
6
50000
50000
50000
50000
323
24
11
14879
66
1
15
16167
30571
4928
17
121
50000
11
655
7
303
81
12
22
5
8
4
1
461
18
7
1305
19
50000
29665
292
1
50001
2
32086
28077
20783
951
50000
50001
39
82
50000
4
50001
5
50000
50001
33
50001
50000
311
129
7
90
2
5
1
50000
823
50000
1
50000
50000
50000
14374
24
16013
115
56
91
29
2353
50000
50000
21
50000
50000
160
171
143
7119
50001
1
50000
50000
586
2768
10
2
108
50000
708
50001
50000
50001
1
6235
50001
16948
854
55
2
2
58
10
7
50000
50000
50001
50000
44181
57
4
24
50000
1895
24
3
11
1
40439
4
1
940
1
40
7791
4
78
11097
2
2
1
50000
5
1
50000
50000
6
1
1
50001
2
23246
6
2
50001
1
1
547
50001
2
2
6
1
1
26
12038
50001
11
6
50
617
3
21
1
2
121
50001
3
8
9
50000
22638
1
50000
50000
1
6
19917
4
50000
50000
25
50000
50000
50000
138
50000
2
15
644
1
650
61
1
50000
6
50001
50001
50000
246
50001
17
3
1
1
173
50001
14475
52
1657
4
25
50000
1
50000
30
28567
50000
1
2
136
1
50000
2443
3249
1
1492
18
50001
50001
106
7
36306
1
32290
1
1742
50000
2
34788
620
1
3605
25181
1
1
2883
11312
1
28
7885
50000
17
1678
4
50000
50000
54
19
1664
38355
31
2
13
19
2
1
1
50000
5
50000
1940
50000
50000
1
218
18
6
50000
50000
50001
50000
50000
50000
50000
154
1
50001
17
50000
361
1
50000
1110
5
45304
3083
94
5447
2
13
619
1118
1
50000
4
11
1
50000
50000
1
11
2
14
484
3
16992
50000
50000
3
1
50000
409
1
1
328
50001
50000
8
31765
50000
74
50000
50000
6050
28868
50000
6
3
2
28
4
43
9255
1862
23824
75
50000
2
6
1
50000
50000
1
1
2
8
5141
334
1
2518
66
2
65
736
1
307
50000
50000
1
35
14898
2
50001
50001
4
50001
50001
50000
1
744
12980
4
10
1
50000
50000
1
50000
108
50000
72
1
592
50000
50001
50001
1
3
49
50000
50000
9
1191
50000
3
1
20
50000
50000
1
9
50000
50001
50000
50000
2
50000
858
3
50000
2
9
90
255
296
50000
270
50000
1
1
26679
33
156
147
643
1
4
50000
26
30
50001
3609
50000
8
816
334
3
2
2
12
50000
97
1
748
20
50000
1
4033
6
2
50000
27058
53
10
1
26
18
67
1
11
6
50000
50000
1
48704
50000
14
50000
2
50000
50001
50000
33
1
1
5
1
1
2
1618
531
26
55
50000
14353
50000
61
2
1
85
1
277
50000
50000
41
81
2
2
8
6
50000
50001
12
23216
2232
50001
17
2
18
1
871
3
434
50000
50001
974
4
45554
50000
41829
4469
1
48
7
11632
50000
50000
50000
2
2
21
1714
3
45
15
50001
161
50000
50000
50000
7
53
817
1
50000
9181
5
50000
15210
3
3
3
50000
26863
7
50000
3543
10
30
50001
56
9151
50000
1
50000
86
3
50000
4
20845
1
50000
3
31
50001
50000
50000
50000
4
2
19
22
55
50000
50001
50000
25
41
50000
2
1
50000
46353
4
28
1
153
57
50000
1
88
50000
1
50000
6
50001
11
1
1
1
296
4
448
93
50001
50001
223
272
50000
11
565
50001
2
23
50000
815
50000
9872
4
42
95
538
50000
14
314
2
767
203
22
43
50000
50000
2
31672
5
3
1
38
1
1
1
50000
50000
1
50000
3
50001
50000
1
56
50000
50000
1
20696
23
10
50000
50000
8338
20
50000
1
20
156
179
392
13965
45
50000
490
7723
50001
50000
38
2
50001
50000
22
50000
1
2
9
518
150
1
64
14137
79
66
2235
50000
104
3179
1
12
10
50000
1
17
4
50000
38
226
32
1
2
2
515
50001
37
13
65
1
50000
3717
50000
7
50001
1
50000
50000
4157
50000
24
7
4113
9573
1
30
8
1
1
50001
472
50000
1
13368
50000
4814
50001
2
50001
50000
1
2
1536
3
50000
1
50000
3242
824
377
1129
1
1
1
50000
278
2
2886
50001
16540
5
7687
125
50000
1
325
6
50000
50000
3
4
71
111
50000
50001
1
50000
120
25
2557
26
4
4
65
50000
50000
3
50000
1
17
114
161
1055
50000
1
1
1377
50001
166
12443
443
50001
50000
1033
1
6593
41
1
2
50000
50000
4647
5
1
2679
20
93
4
10
10638
24443
14
50000
1492
1676
2
50000
6067
50000
245
29
213
8814
50000
112
33077
50000
2
50001
50000
4648
50000
478
3748
11583
50000
1295
17
2970
50000
1
154
9
124
5
3428
50000
2
65
2
3
50001
1
642
50001
2
50001
50000
47167
1590
3
2044
14910
50001
12
3
893
358
6150
50000
10
26
7
32
50000
24
4
50001
7499
19
15247
50000
19
51
50000
50000
7557
50001
5157
50000
50000
524
50000
14
1836
349
50001
42583
11
1113
50000
1
811
267
197
50000
29
14
82
1
67
43
50000
492
5
1
19
5
3
5
50000
2
246
1
136
1
64
50000
29
16
3
50000
49
1096
50001
50000
2821
10
152
50000
5
2
22823
1
4
74
50000
3285
50000
50000
28
35
50000
1
50000
273
2
50000
25501
3
1
12528
50000
50000
50000
50000
8
50000
50000
2
16083
50000
135
87
50000
50000
5382
18479
393
1
11755
26361
9
22503
20
2
20
2
93
2
3
11
50001
46855
1
5
50000
6568
657
50000
2036
50001
1
2
2767
3
50001
50000
2
6
1
50000
50000
2
1
24342
23
2
1
319
50000
8062
45
1
4503
50000
52
57
1455
50000
1
163
55
306
50000
50000
33
9520
12049
1
1590
50001
4
167
571
1
13
47
50000
50000
5
50000
50000
1478
104
41
12963
36
141
10925
3077
29
4
50001
2
1
7347
6
106
2
38
50001
2504
15179
11
12
47
167
1
50000
1
3
125
44
3
5
50000
20
958
50000
50000
8
50001
34
31098
50000
12845
67
50000
4418
2
3
44992
50000
23
28
1
2049
50000
1
4
1
1
50000
1572
50000
3333
6203
3
4420
225
5756
381
50001
50001
50000
50000
2
50000
18027
2
7
1
1
530
33574
50000
20
1069
5
50000
50000
453
9030
1
50001
1
3
50000
1
11
50000
50000
1195
50000
1
661
1
5
58
9820
50000
50000
2
3
6490
184
2
3
11
2
7671
1
50000
2638
5910
50000
21093
11
50000
3
13652
48178
1
39306
1305
50000
50000
10
50000
3
2
124
150
39
10
1409
139
34
17
4
1
29
23
50000
50000
162
50000
50000
9
2
50001
20
1
20626
2
27
1
1
50000
3895
61
14
9089
50000
2
1
24
1
85
46654
50001
6
263
2100
179
2
55
50000
50000
50000
3
50000
13072
6164
867
1
2
27
50000
20
50000
1
696
83
11135
1
27726
50000
50001
6
1834
117
50000
50001
50000
50000
1
50000
5
11920
15
50000
14025
50000
50000
50000
71
2
27
2
1300
10857
50000
2147
157
50000
3
50000
3399
5169
8
5
3
50000
27
50000
5
3
1
83
50000
16026
50001
50001
1
122
34
73
50000
247
5
50001
5038
72
50000
1748
1
5762
1
24
50000
3
1
216
50000
13844
1
34
50001
30
8
10
2011
50000
106
29
1
2
50000
6
50000
465
69
15095
50000
5059
133
17
11
8122
3
3847
1
50000
25
20323
50000
1
50000
50001
74
50000
1
4818
50000
1
2
1
59
1
39637
50000
42
53
1614
50001
50000
50000
857
17830
37832
50000
1
34
30
50001
3
956
182
318
19596
3025
50000
50000
3645
4
1
5
50000
4
50000
1054
10
4
1
50001
20
1
50000
1
2525
32
82
4
50000
50001
7447
30
27596
50001
2
1
150
2
1
3
139
1
1
3
6
2859
50001
1
1
1
50001
901
2
17939
7
12
50000
7
1
2273
50000
237
119
3
50000
10783
50000
1
5
7057
1
50000
271
50000
156
50000
2
2
7
93
538
16189
50000
104
4
50001
50000
1
50000
15
1
13
411
116
50000
3
5183
50000
50000
1
3
1
2
61
4
849
50000
3
1036
2
553
157
50000
86
76
50001
21226
50000
17
52
12
7
1768
18
119
5033
2571
50000
25
50001
50000
50000
50000
869
79
50000
50000
50000
1
1
11
50000
12453
50000
2
3
3809
319
50000
2
1
1
50001
60
50001
50000
360
11254
50001
12
1
5
16
18
19882
25
5
50000
1
1
50001
50001
72
50001
32
2
1
1
5
6
50000
9760
50000
2
9398
45531
232
1
13
3
50000
4
1
1
109
50000
126
745
45805
50
3
9
87
50000
50000
640
1
410
15
1125
50000
50000
29
3
5
5082
49625
50000
1
521
3
50000
50000
40313
50001
4
48446
11
50000
50000
93
50000
1215
50000
636
192
50000
1940
12
316
33897
50000
18
46
10
50000
50000
1
37
2
11
3378
71
50000
50000
50001
143
300
50000
42761
19
88
45
64
7
31
307
1
12
57
2
1
1280
50001
2
123
1
200
15473
810
50001
1198
11720
1
1
396
1595
45
2386
122
1
1
11
50000
2
29
1
2
14
2
1
50000
23
1
6
107
1106
50000
2
50000
28
12
1
50000
2
50000
12
10
1
50000
1
1496
1288
1
29
20334
2
1
113
50000
19214
10944
2
50000
1
50000
50000
1
1512
13736
50000
99
12337
26
1013
1564
3499
28
26
979
50000
38
3
879
10267
6
5
50000
50001
2
20
2
957
50000
217
3036
3581
10
4
50001
50000
1017
36767
27
9
50000
50000
12
3
8
50001
2
50000
50000
1
50000
1
439
35134
346
1006
1
26
1176
50000
223
36
2
1
2
2244
50000
50000
374
2224
50000
69
111
50001
50000
50000
22338
50000
50000
3
3
50000
50001
1
5
760
50000
5
50000
3
74
3147
2
50000
50001
50000
2751
50000
318
7
40
1250
50000
1
25
105
50000
5
50000
1758
50000
50000
50000
1
50000
70
1
1
50000
1
2
3702
7
65
7
1
42
1895
5
50000
2
32
2
8
50000
14
1
1
4
50000
50000
3
26
50001
14
3221
1
1
27888
2996
288
49
47
3885
50001
3
34
6
50000
91
50000
630
50000
5918
1
50000
1
1307
1
50000
117
12
2
50000
2
1
2
1
279
2
223
359
50000
50000
7
764
6
17
26
1
23
1
1
1
50000
5
2
2
49048
101
315
22
50000
6
35
1
2
50000
13
5
193
50000
1
3
2
1198
21
50000
5
1
1
11
2411
50001
3482
14
2
2
1694
3
1
24
4655
2
499
19
979
50001
50001
1
2
3
2
50000
106
1665
50001
162
50000
50001
50001
50000
1
1
1
11
50000
50000
4
47
50000
50000
297
1504
2325
1837
618
23
2
101
266
22
50001
3
109
50000
197
189
50000
3
50001
50000
16
50000
556
1221
7
1
71
50001
11
3085
335
5
50000
16281
3
2
1092
50000
1
50000
7
2
1
1
145
109
50000
50001
2
35
53
7
32342
3
20923
50000
21
909
52
15
992
59
1
7
6
1
50000
3
50000
122
22
43
50000
5349
50000
2
50001
50000
2
9
96
6
43
156
80
50000
50000
50000
11127
50000
37
169
6
50000
19
15
2
40911
50000
1
2
50001
905
522
50000
6
2
50000
2563
50000
180
2
15
23
59
50000
1
3349
12
50000
2
27
10752
3
2327
38
1
50000
13
822
5
2
50000
25
24
3
50000
50000
1
33
50000
101
15
6322
12944
50000
6
2422
50000
227
14882
16695
9
1
49
2
50000
755
891
1
2828
6
50001
50000
1
7004
2
12349
3
480
143
1792
24204
3
1
1
14
15824
1
8070
1
50001
5
4
28044
76
372
1
33
1
50000
37
2
50000
50000
50000
298
94
1
29
50001
50000
50001
24745
1
2
1224
19
1
10521
50000
50000
12
8032
336
2826
47
50000
2203
10206
1
2009
148
50000
298
8
26
25
1
4097
99
3176
2
50000
50000
88
110
50000
118
73
2457
1
1615
2
1053
50000
129
5
6
147
147
2
65
9
24170
19
11
2
168
50000
273
7536
7
50000
2971
50000
50000
50000
54
1
1
6
50000
50000
35
8
119
25535
1
2068
22
78
1
50001
10
50000
1
119
50000
21118
2
50000
1
2
50000
1559
7
3241
3
27
20
2027
2647
2
50001
14136
10
42
1
1
50000
292
50000
50001
5
50000
1833
57
50000
6
3
50000
2
42
1
10101
150
50000
2833
50001
11
139
2
399
30
50001
11
50001
1
49385
179
50000
151
42971
50000
50000
847
4
3
2390
247
303
50000
665
190
4
50000
1280
11
1
7
1
643
1
9904
1
50000
3
50001
50000
3
221
14
6810
11
128
4
155
3
818
1
35
50001
4
50000
2
50000
296
36400
50000
1
18458
1204
10709
3
50000
2
10
72
277
3
50000
6841
1
28
211
8
50001
50001
295
1
254
34
11
11354
50000
50000
50000
1
2
2
1
55
49330
4491
1
50000
57
421
84
220
50000
622
58
24
21
10
5
1
5605
50000
50001
8
4
2
50000
21020
1709
50000
33
2
50000
24
50000
50000
1
1
31940
1
1529
50000
10
1295
39633
1729
1
11
2195
125
7
2
1
10
1
50000
50000
1060
50000
2
108
50000
1
50000
846
4
50000
929
43773
1
2
16
117
18477
50000
6
41
50000
1
50000
50000
22577
59
50000
141
115
7
1
175
50000
1238
967
1
1
2403
4
1
165
12
26
33548
3
2372
6
3
1
50000
50000
305
30550
1
97
1350
50000
74
415
50000
50000
50000
2
1
50000
13
15
3
50000
50000
6
1
1
11
50001
2
173
50000
8
1
139
25170
1307
7
1
50000
1
2079
5216
7348
1
316
50000
4
30
50000
8
1
2
441
691
17507
11
50000
137
7
32300
12
23
23932
50000
1389
1
50000
50000
2
90
58
50000
540
1
21
2
50000
50000
394
126
50000
50000
3512
2
50000
18
7380
212
2
50001
2115
2
14
50000
330
9225
11
50000
1093
50000
11672
1
1
123
11048
3
7068
4
50000
303
7
1
1377
50000
50000
42
50000
805
7
33
165
74
2
7229
50001
1
1
97
3
77
50000
50000
449
1862
1
23
39
50000
972
50000
1
112
102
4
78
152
50000
1
337
2123
1
37
9
7355
62
50000
50000
50001
50000
21
50000
9
69
50000
1
50000
319
28
20
130
17
13
91
50000
50000
50001
50000
2775
50000
50000
50000
826
6946
25
2
50000
33318
2
2
6
50000
1
1
2
1
1409
2
321
9
34
50000
8566
4
4
50000
5
17108
50000
1353
10937
19
1
1
50001
50000
50000
710
50001
4
50000
50000
22
939
50000
1
9
424
39
50000
3
1798
1
316
50001
50000
23
11
14995
50000
50000
1
50000
24
17
50001
50001
350
50000
6
201
685
50000
2
50000
6
50000
2025
50000
4
50001
7011
2
33
16
2
2
50001
50000
1
50000
13
50000
50001
50001
1
5
4588
44
2320
50001
171
50000
1
50000
50000
1
154
8561
2
50000
3
7
2
50000
1
12
1
6581
20
388
50000
560
10
50000
50000
49
13
36255
7
1
50000
2
4
2
22
2
671
3
4
50000
15879
50000
2
55
1
50000
50000
16
347
12
16
6
50000
50000
8
1
9
50000
13
1
50001
6
2
1
41
50000
5
50001
3307
665
669
38524
1
35
699
100
2
2
18300
860
1
16
99
50000
1
16944
50000
50000
1
269
1
6125
2
1
344
8
1
10955
5
1
2
8
29015
50000
17
50000
57
50000
170
1
3
106
3
7
40046
36
21783
50001
779
6
49
35
10871
159
1
2
3
50000
50000
50001
143
17640
1
1
50000
50000
453
28518
50001
191
159
4
9
417
1
50000
9
10
1
50000
16238
27
71
101
649
50000
6007
50000
2
5
50000
50000
1667
1863
5181
1
1381
241
41157
45
50001
34300
8
50000
48
115
2
27161
1
50000
236
118
4
33
12
1
1
22
50000
53
1
23
50000
1
1
1
50000
7089
378
16
3
3698
24752
2886
5
50000
16156
50000
285
523
24606
35
50000
30394
50000
16993
4214
6216
13177
50000
50000
1114
6
2
50000
1
50000
796
2
3978
1
384
6
50000
2157
6
4683
50
50000
50000
80
1
50000
50001
2
1
50000
204
1
1221
50000
50001
621
475
305
7652
2108
1931
1
1
1871
5
1
8
1
11
54
14
1
839
11664
50000
50000
7
9
50001
50000
1
10
50000
50000
50000
50000
4
2
10
1
3
7
5729
1
3163
26
74
3
44049
50000
298
34
1
49
50000
2
538
1
50000
791
19932
3
50000
40001
5
331
10
50000
1
987
241
50000
2
2827
2190
1
50001
228
47
9
50000
41
1
16
1
3
50000
50000
1162
68
50000
12
289
2
120
79
6
1
1032
1
203
50001
50001
6
327
50000
11413
18
1087
5469
2
65
50000
50000
10131
12
99
7
447
1321
296
162
50001
5
3
50000
2
50001
2
50000
50001
50000
1
110
1
50000
225
52
3
50000
50000
1
2
4
2
50000
2
3439
50000
735
50000
1
50001
88
1
12
62
4746
149
50000
50000
447
10
1
3
32
1592
50000
11
1
50000
3
50000
50000
89
1
50001
1
2251
1
50000
50001
1
50000
460
50000
642
50000
6
138
3
1
50000
50000
2
109
413
27
1
13859
41
34
263
15
3
1611
27036
1
7695
2
51
50000
718
750
1
152
50000
23700
50000
50001
653
50000
1141
23725
457
2
1
50000
77
1
1
3
313
6
1
2
1
50000
9
57
16
50000
50000
50000
50000
50000
461
21
2005
17780
1768
1
368
9738
1
50000
1
4
10
9369
16
42396
4
4
1
17
1
633
4
20
1
50000
4332
2
836
92
3
50000
85
1
3
1
732
50000
50001
50000
1
1
4
50000
1
1482
14765
50000
242
2
43
1
1
50000
6871
314
50000
1
21
1
50000
197
50000
50001
39
5
14373
5
50000
3
12157
10
228
4
50000
10
50000
9
4
28237
50000
1
5
3
1
1
520
74
50001
4
1
715
7
2
282
58
669
4335
3
24
10
50000
677
29892
6540
8
4
18406
37840
251
3701
50001
50000
2
50000
7
50000
50000
1
51
23777
1
50000
2
334
200
50000
1410
2
9671
69
3
50000
41993
14414
1142
23
6
77
1224
50000
170
126
3689
1
2
50000
1
34
148
4
50000
1210
4
50000
464
50001
6
2
1
21
1
1
50000
50000
7722
1
8806
50000
135
27
2
1
50001
612
8678
5
1
17377
21389
50000
1
50000
6970
11
50000
2184
1
9151
50000
135
1035
632
1096
206
1
3
29387
9
87
1
3
50000
957
1
2615
50000
2
62
131
11
50000
1
1
2
50001
2
50000
5
421
37
13
1
50001
6653
11
50000
6
38
7
50001
50001
50000
9
50000
11561
101
50000
4487
50000
15
392
50001
68
5
50001
2
50000
3
145
14
226
32
4564
50001
50000
198
5
13
50000
50000
323
370
1
2
1
57
449
50001
1
167
5
18065
5
1
1
5059
15
250
50001
714
40
9900
1
17
13
116
3204
5
7597
2
94
1
7
1
4622
1
324
50000
50001
7
2876
50000
1
2618
1515
684
49
50000
2
34
1583
62
1
3
50000
5419
2
50000
15294
50000
50000
14
50001
2
1
1
30485
1
41241
16672
104
50001
50001
32908
50000
50000
52
50000
116
2
8
484
36649
50000
1
93
9174
16198
2459
8
12
11256
50000
1
20211
1
50000
7
1
10
358
11
940
50000
98
50000
50000
50000
31
50000
27
32879
5
6
7
154
1
10
1092
33
45
50000
13
55
1
81
1
50000
50000
4103
50000
2
18
1
1
14
2725
50001
3528
50000
78
7
517
8
18
1
50000
2
50000
23634
1
8
4
7
3
50000
1
1
1
323
23
50001
13
5499
8
1
50001
50000
8
1316
246
2
3753
690
1
50000
50001
530
669
1316
3
10
50000
22611
1
50000
50001
29746
50000
16795
50001
4
1
50001
305
121
50000
2
14
3
1621
10604
2
50000
3
29572
12820
50001
50001
50001
371
50001
3067
2782
61
1018
8086
1
50001
2
1
19918
50001
50001
1
3
50001
50000
50000
4
279
1
2
6064
50001
9
50000
3
1
1
591
50000
50000
44188
2
2141
50000
50000
1
781
20
66
1
73
61
37005
23
50000
348
50000
41
74
6
3027
50000
3086
50001
2
19
50000
50000
1
82
439
38674
1
1983
10613
50000
1
27001
50000
50000
1
18
2
2749
2
3580
1
11
50000
3
394
4
50000
31568
105
4
10
1
715
475
50001
4297
3
761
8
12733
11
303
50000
50000
50000
50000
4
11
4
50000
50001
50000
41175
1
1
340
1289
50001
88
50000
50001
34
1
3
8749
742
5000
94
7599
14
551
5508
50000
1
9484
1105
29
50000
1
1
1
32
23
1
7
1
600
471
22
50000
1
20206
7924
30105
5
309
56
2741
4900
2
47
22
1
50001
5124
643
1
1326
1476
1
7197
1
1
50000
71
50000
10596
2
789
140
1
785
50000
50000
50000
2640
712
27
50000
3
308
50000
1323
3
1210
100
1347
7
2393
14
51
50000
6
63
2
2
1
4
50001
5
50001
50000
761
1
2
1
13
22
632
4
1
59
96
8
9
105
1
3
5
7334
706
192
50000
12968
33
1
50000
50000
224
619
539
12
2
1
513
2230
164
2521
324
1
551
27
50000
3
2
50000
1
2
180
3
2
50000
2
2
50000
284
6409
96
24
40
50000
3734
525
16015
8260
7
7862
21
1
280
734
6
3836
1778
1
1018
4
10
5
1
50000
2
2
19
4554
50001
21165
50000
1
2
30039
8
50000
50000
2
4852
1
50000
50000
1
428
37
3
46
50000
27
1
202
1
50000
39
1412
1
1
50000
50000
50001
59
10
50000
464
25
36
50000
1
27
3
127
295
5
1
1
4
5
6
1
648
2
50000
50000
745
34
17074
1
2
73
10
108
109
29455
41299
2
50000
107
50000
1531
1266
1
16
1
2
50000
28188
1
10542
1
50000
2766
50000
50001
53
1
50001
50000
50001
21748
12
3
2
50000
1
82
135
50000
1
10
4283
35
11660
136
486
17443
3548
50000
1
50000
50001
17
50000
25
23
50000
2
2849
50000
50000
50000
50000
3837
50000
50000
7188
5864
27
201
1
84
17
312
14
508
2914
3
761
50000
33961
278
419
10136
50001
1
50000
50001
9755
50000
32060
208
3
34
1
15
5
50000
50000
50000
155
80
50000
25502
22
50000
50001
2
2
7
1
50000
2
50001
50000
1
2
3
1
5
64
6331
2894
2509
1
9
4276
1
3
131
8635
34
1
2
50000
4
62
1
50000
108
173
1
4
12
50000
50001
13
4
4047
1
3
1
2518
3
3
3
671
50000
36
1
37431
3
40668
1
1
50000
14
4
715
50000
1
50001
4
1
1
50001
27
7
34
1
2
922
10780
50000
1
2
1
382
50000
50000
42444
50000
23813
39
28003
2
50001
50000
50001
50000
96
7
50000
9
50001
1
6
50000
50000
4946
159
248
698
88
50000
404
1
50000
7
50001
72
16
1184
8
1
7651
10
409
50000
8
1
166
43986
4
9
50001
47
50000
3
5
41
1
2
50001
3
2
40591
5
52
1
3
1
2
186
462
18
12
50001
50000
1
10
50000
2
2
2
48
7
50000
6
508
8
1150
1
50001
27706
3489
50000
7
7537
185
50001
1
249
2
50000
7
1
6407
2
3
2
50000
19
3
3396
50000
1
50001
9967
37051
50000
12119
49115
30
105
70
50000
50000
5
50001
50000
73
370
136
1
50000
2
29
50000
10001
424
70
50000
1
47138
756
58
50001
50000
18905
5
98
50000
1
1
8756
1
50000
11
10
25
144
33657
50001
5
50001
41
46183
8
187
20
1
1869
1
54
13158
102
63
50000
50000
1
129
2771
50000
424
50000
6
96
4147
21723
1
50001
35
50000
1
13
64
2
4
239
50000
37
3
1
45
10
4
3
50000
50000
14
121
24
1
50000
1
1
50000
5
4
50000
50000
50000
9
50000
4
71
22627
1122
17
5
1106
50000
50000
45
6
40
50000
9
1
50000
50001
110
50000
3
9640
18646
50000
50001
50000
1
334
1
1632
50001
4469
50001
11
6
31227
50000
55
2793
215
50000
50001
50001
3
50001
873
50000
1141
23
6
388
2
122
6
704
1
50000
367
3
316
10917
11961
5089
50000
50000
4
19
273
50001
1292
7
8
666
2
1
1
42771
50000
408
6
50000
1
5185
18
262
1
1
1
10262
1
4272
4150
6142
5
50000
1688
204
50000
4290
3
50000
3
137
1
2
1
9
2
51
1
2
1
8
50000
1
14214
50000
845
50000
50001
1
125
50001
50000
18
62
1
605
1
2
1662
322
50001
50000
4309
50000
101
4
1
50000
54
50000
1531
3
54
50000
1
50000
5
7680
54
162
15
422
2
1
50000
5
50000
6030
2
50000
1
4739
1
16
1
50000
1
50000
100
3
2494
2
50001
2
1
1
24
32
290
2032
760
2462
10
248
50000
2
1
78
284
36292
1
50000
27162
1
50000
128
184
8
138
50001
1
345
12304
1
32
30
40
153
50000
50000
4
50000
50000
29
50000
1888
3260
26256
50000
50000
1062
1
50000
6
13
1
7
50001
7
15
50000
1920
2
15
210
11543
50000
50000
2
11
8
1
1
6
1159
16103
1
1
11
344
260
1
40
50000
181
1
2
403
50001
6
2
1
91
28
13
50000
128
1
1348
84
35338
50000
50000
1
50000
50000
1290
50000
551
13
1
5
50001
50000
218
50000
41
19750
5
50000
1
50000
1
1
5
50000
45
50001
1398
1347
50000
1
34
254
36
50000
3
50000
5
166
6331
967
520
50000
50000
2
906
5
50000
7293
16
1
42396
33112
1
75
20
50000
63
1
9
7
9826
35
50000
6
3
32595
1
1
1
105
50000
5
50000
50001
174
1
173
50000
50001
12
50001
13
26797
76
19
49
1
1
217
1922
36
7
5
2601
1
1
4081
8
50000
1
21456
9
2
122
4
50000
2
3
50000
6
44
50000
48
50000
50000
9
50000
50000
90
50000
8
50000
1
1
5039
1
1790
2001
1
71
50000
11
1
4
122
50000
1
1
50000
21183
3
9
144
8969
19
50000
50000
1
7471
4
566
4753
50000
1
2
50001
50000
3133
8
70
76
7
2
20388
50001
5
50000
50000
6
4
8
21
11605
50000
389
50000
3202
50001
50001
78
50001
1
5997
2
11
1
4
237
44547
50000
9
2
50
2
23
50000
148
3
50000
12
1
202
306
50000
1
13
1
1
2
50000
50000
50000
27
56
1
5
1
14434
5
21
50000
50001
153
50000
41017
50000
3
50000
1
13
1504
1
27947
3
3149
40
6
1
57
9
36
284
22128
116
50000
5
50000
2
1
4
50000
8
2299
2
20
50001
1
1
50000
16675
5853
612
25
4
4898
2
1
3971
50000
7
9
21196
50000
9
68
449
1
5
1604
78
9499
16
1
7833
1
7
12
11
1219
13
2
19
3502
50000
50000
2
252
35
6
561
155
50000
18509
50000
1428
106
3
5725
439
555
2
11
9
1
13
1101
6
1
16
50000
50000
8
4
4345
50000
98
50000
50000
1
50000
50000
2970
50000
50001
41
2
13
2
5
1
46
2
2
2102
9
50000
50000
380
1
180
1
21
148
50000
9
50000
47206
50000
3
1
1
490
292
2102
50000
50000
1
229
763
2
14
2
15858
50000
1
2
50000
996
50000
318
18
50000
50000
50000
50000
8
43
100
1
20437
50000
2
1
1245
10
50000
119
2
1
196
72
2226
17
6
2
4142
9
2785
2
1
4
925
50000
50000
147
7
492
10
50000
122
337
3868
50001
4297
50000
50000
6
5
423
253
6
56
312
50000
1
53
997
1
50000
1
1
1
50000
5
31
2
149
18352
532
3753
377
36
50000
79
8
34
506
50000
135
50000
2
2
50000
50000
6
50000
2686
45
3
50001
4
4448
1261
50000
1
50001
19
147
76
50000
747
50000
3
50000
3029
11
50000
8198
1
50000
6
521
442
3
50000
11489
50000
343
50000
2
171
505
2
376
2
50000
909
1
177
53
2
444
50000
211
50000
6
25
50001
50001
50000
50000
1
47
1
4691
2
4
233
50001
18
50000
1
183
1
374
1
7
1
29
36838
2
9807
2221
21
3
114
2
10165
50000
50000
11430
50000
50000
1
50001
25
50000
3
28
50001
3
455
44
50001
50000
794
2
2
7
50000
45
1
10076
1
50000
13378
2
50000
29
1
50000
215
1
1
1
50000
50000
525
292
1
45657
34
50000
50000
37
1
43
11
33
30
4
237
1
24095
30
50000
50000
1
64
50001
16488
3218
96
3
1
1
50000
1
1
2
111
6
1
18873
48143
10062
3
18400
50001
5
2
1
1
355
1
20
7
50000
22
2
50000
17
5
50001
50000
173
5174
50000
50001
4
352
50000
36
50000
2
1
1
50000
3
9
10623
50000
9
189
1
50000
14777
50000
13608
1274
6
89
93
50000
67
217
15
535
43
4
50000
11
50001
50001
6
430
17
2
2
148
11
2
50000
1205
1
1
32195
272
4
22
1
31
14
2
50000
164
50000
1
105
13
50000
1
50000
3
232
8
322
12
50001
172
19
50000
56
1
7625
35
2758
72
1
50000
306
2
8325
1
50000
23
2417
50000
1
816
3294
50000
50000
50000
15
50001
133
16
5
1003
50000
18946
304
1
153
50000
31096
2411
2
297
40
50000
17
559
50001
224
1
9
50000
18226
894
84
23
22
45
11
50000
84
14
25162
5
1
114
2
50000
50000
37461
50001
50000
50000
1
1
23
3
50001
252
768
11
2
50000
1
25
50001
2
11
50000
1179
50000
13
2
1029
1253
1
2932
389
50000
50000
1
50000
17
103
4323
1
50001
276
50000
50000
30
115
50000
50000
3
22
2
50000
1
50000
50001
15207
5
2863
8
6
3
96
7
50000
1
4
4
1
8
25
595
6392
50001
268
50000
5
2
244
501
32618
1
8766
1
28566
20
224
23
2137
5725
50000
1109
50001
50000
50001
7603
3459
1
1065
50000
7
50000
5
26
1443
103
54
50001
50000
4
1
89
2
50000
50000
50001
13104
13865
11
46323
50000
192
42683
50000
42
1
2998
591
50001
50000
30
50001
2
5
50001
2
50000
159
50000
50001
50000
43
50000
9041
4764
2
317
2
50001
4
1
3
50000
2009
50001
2
14
50000
3
8
1220
33
151
21
1165
364
11
50000
52
50000
136
50001
1
50001
50000
280
50000
6
2
50000
1
50000
50000
8
3
94
41391
9
168
1007
30
2
6
2
50000
26
85
14
42
2
50000
50000
96
1
1
15
13775
330
1
20219
119
29763
50000
2
48
4319
1518
50000
2
1
50001
316
13
5
1
1
50000
93
4174
1
2
3060
760
52
10332
360
2561
8
1
50000
50000
50001
136
24
2
18
50001
1540
1
6
220
2448
3009
50000
80
56
123
2
50000
3809
24
1500
2
5393
1
1
1
496
38087
50000
43
48
50000
2989
10173
36549
84
50000
50
50000
31
50000
4
16076
1
7
50000
14666
3
1
1
239
50000
50000
2
50000
2
152
50000
50000
3
101
2
2
1374
1
50000
1
50000
20
1
33384
57
50001
203
3962
83
141
3
17
50001
7
189
7855
50001
4
269
1
50000
34
11
50000
26710
1
72
50000
50000
11
17
23
50000
252
1
1
378
19
34
16
1
804
5
22368
50000
525
1
2
2
19003
50000
1
3527
50000
1
1060
233
50000
105
3
50000
43395
26
2
2640
50000
3
974
49455
2685
50000
32333
50000
50000
9
4330
50000
50001
11
1
50000
417
2
14
2546
1796
1028
13
50000
3468
8
105
2832
50000
2
50000
1
1
50000
339
184
50001
50001
50000
11840
1892
4
17
50000
273
50000
9
1184
1
228
250
8174
50000
158
1
270
255
2
15
1
2
15
351
50000
50000
1
1234
25
7779
27
561
4
29
50001
12816
1
51
4
4
1
50001
2420
50000
8
8
5
50000
2176
40
608
6
19
368
2
1572
2
50000
13
1
7755
50000
2
50000
1
21
10331
2
15
1
1952
70
50001
1
20727
9
1
1
50000
3
312
788
349
50000
3
51
1822
1
50000
16
3
176
2356
648
21
1
50000
50000
2
28
4
2
50001
6
1
4
23056
1
4
5
20313
28675
19
2
23
50000
2
1441
35
17506
1
50000
1
50001
35
513
210
4659
1
3
266
3
2
1
14
70
44
12
50001
50000
50000
16
1
50000
402
32
28
58
50001
7837
3
24939
10
6
50000
2
33899
1
1
1
2609
30888
1
25397
2
1
1
154
50001
1
326
453
36
50001
3
2563
195
1
118
1033
616
38
48
1
55
46214
50000
50000
8
1
1
8
50000
50000
48
207
50000
20
15
50000
644
15594
40
2
1349
5
5992
62
50001
2
6079
53
1098
41
1
50001
50000
50001
560
50000
50000
50000
58
4
12751
50000
50000
99
15
50000
1596
50000
40
822
2
166
1
50001
59
50001
400
50001
50000
2
50000
128
25645
548
1
11465
5
603
142
50000
2550
1
135
143
2
9
9
234
34338
50000
50000
1
23
1
50000
50000
17
8
50000
42
1
78
4955
1
50001
50000
1
50000
50000
3
9573
154
50000
50001
1
9013
17416
50000
1581
50001
6
50000
31676
1
50000
8
1957
1
50000
3284
50000
1
1
74
7
68
3
2
9
4600
41
50000
50000
197
17
62
6658
5
1
50001
6
45942
4962
2
7958
19640
58
5
3
2
20
55
14982
6252
186
32
8127
6
23
63
200
2
17607
49
274
118
3
13
1
1
7354
3
50000
1040
50000
50001
50001
3
135
50000
1
50000
6
44574
50000
8
50000
50000
4775
33
50000
116
1
1
15
35031
27
50001
1
1
2
1
50000
1
1500
1
391
38
44
3270
112
4
7
1
50001
5
25367
1301
35
2
863
15
722
50000
1
2
108
50000
50000
50000
2
39
3360
10
103
1
8
50001
3440
5407
50000
50000
3
91
1
54
50000
50000
1
3752
50000
12
1492
6
6772
13
1867
1
307
70
1
5
920
1
4
50000
17
37
1
3
50000
80
50000
50000
50000
1512
50001
49677
50000
50001
21854
11
187
314
54
1
32
46
1
25
5
69
3
50000
1
1416
1
70
8
49697
128
94
667
10
1262
183
11
86
6859
26
50001
37134
50000
50000
1
1
2
1995
276
43
120
49035
4
50000
842
50000
6227
50001
2
1
3869
50000
3438
50000
325
465
21
50001
2
298
29
25
1
36
50001
19309
14
50001
50000
50001
12
50001
36
1
4
1
4
5
3049
50001
50000
1
2
1
1
50000
4
119
9782
50001
2
14
2973
25
50000
23027
50001
2
2
1
1
50000
12
2702
4
1
191
17810
50001
1
1
76
2
4
3899
28938
3
400
133
1585
1
21
356
103
4
50000
116
2305
2
1061
10
50001
28
16
19
50000
4
1
2
15
50000
1
34
36
37
50000
50000
13
50000
50001
50000
50000
1
50001
15237
50000
60
128
50000
13
50000
998
7
1398
860
50001
50000
50000
1809
26
6
12511
50000
50001
1
1614
4
50000
2206
50001
1
19
33470
6564
4
2
50000
50000
3
1034
1
50000
50000
27
85
6
50001
50000
50001
1103
4841
1
3
50000
203
3
1778
50000
9
1
709
311
41
50000
8
56
1468
50000
50000
30
32
2786
45214
5
1
50000
41236
5396
685
159
14
26
50001
50001
585
50000
2
9
50000
1
1988
3
30520
3
1
7
18
27746
50000
50000
1
2
11
50000
4
3
50000
50000
1
2
1
6
50000
50001
1
50000
1
760
50001
13010
375
1
1054
46
50000
4
26
8636
16
50000
5
1
110
1
1
51
8
1
722
2870
19
1
1308
2
50000
71
50000
50000
50000
299
623
50001
9
50000
21169
1122
50000
7
225
50000
43
2144
50000
1290
83
4
5
1
41735
2
319
40
50000
1
6
11
50001
129
2958
50000
12
17
49319
50001
35
1
50000
12
50000
35
106
2
7109
37610
10
50000
50000
24201
8
50000
113
20
344
6
1
250
272
12226
489
39844
1
2
50000
50000
54
50000
12169
366
39595
3
50001
41938
1
5720
151
3083
50000
1
50000
18454
1
1
11
50000
50000
1
50000
50000
3
48479
1
50000
50000
50001
50001
50001
50000
12
30240
4
9
849
50001
18433
2
63
50000
1
538
18101
216
5
37
50000
50000
1
50001
66
2275
1
5
50000
50000
50000
8
50000
1380
50000
50000
2
50000
6
1298
2
564
3
24109
7151
1
27567
7
33
18
1559
1
50001
3
50000
50001
11
1
61
50000
55
50001
50001
520
1035
117
17
2
2
50000
50000
142
2
18
67
50000
2
50000
1
11
393
44548
50000
50000
2
5175
139
7
66
1
1920
50001
23
42277
3227
1
219
1
3
50000
26
24
50000
50001
27140
1169
2
53
50000
2
1
50000
50000
50000
5
173
22621
3
172
50000
9
17
1268
50001
1
48
50000
6
27572
4181
3
1
50000
2
2
330
40
19
812
38
50000
1496
50000
3
7
4
101
1
8
19
24
1024
2
1
11983
8
50000
50000
3730
33
1
287
50000
50001
50000
10863
2
50000
6
196
50000
2
8
40
3885
50000
50000
2389
