50000
50000
138
1
50000
3
1339
50000
20073
48
50000
44
1
50000
50000
50001
50000
50001
35684
50000
10
3
14
4
50000
3
1
19068
50001
11183
959
3
2
47
4
378
1
93
50001
234
1
2
50000
8965
50000
1
206
94
1
50000
1358
5
50001
66
1364
1
7448
50000
50001
31
58
7
1153
17
3
50000
50000
50000
29742
415
3
32595
1
296
2821
50000
18218
6
8
31
50000
76
10
12
2
5
48295
12
6806
882
50001
3568
1
611
2
4
441
50000
74
22
894
1
3
50000
10
857
4
68
50000
50000
8714
3
12
1
2099
50000
6
44631
50000
50000
46519
50000
8
13
1
6669
518
6115
64
50000
5
2
1
1
2
516
9434
1
45
3
447
1
33205
50000
50001
50000
50000
1
3
50000
2
837
2
2
4
1
168
2949
8
50000
4
18
50000
50000
50000
17286
50001
14844
50001
170
101
9
32309
50000
28
23
50
11
50000
1
50001
155
16
8
50000
234
17
50000
50001
1
1
50000
4
50001
50001
50000
142
46
1
50000
1149
50000
50000
50
2
12553
50000
104
10
236
77
1
50000
50000
3
1
5027
50001
476
5
50000
400
1360
4
50000
50001
50000
50001
50000
64
1
50001
436
50000
50000
7
96
451
50001
1318
2
50000
1618
1
1433
50000
104
1
9
1
11
50000
3799
598
50000
50000
2
50000
112
17427
50001
4212
19275
50000
3
50000
27
29
2
13
36857
450
50000
9
3
37
50000
50000
1146
38
1815
20628
2
1
5
16
3672
2385
2
1
24
50001
24
6
61
1
2
223
7
2
1527
37194
50000
17
8933
16563
26927
249
50000
1
50000
64
4
1
149
50000
23251
50000
102
1
204
50000
359
50001
160
60
18742
21
11
249
3
50000
50000
1
825
6
1
1
1
4
14
24
2285
50001
50001
5
50000
212
8292
50000
670
15
8
3
5
2
2
1
37
50000
28
50000
26
5
3
4
1
50000
50000
19
2
1
111
50000
1
14
2
5
41747
2
4291
34823
820
81
6190
2990
50000
50001
498
342
6205
58
50000
9
161
5331
65
1
50000
35
1
2
1
10182
1
53
6
198
62
5
68
50000
20
50000
2
2
2368
50000
50000
1332
1
16
18748
50000
130
2
50000
22
1
1
3372
87
50000
50000
230
2
50000
36
50001
7
2
50000
15
56
1434
50000
1
2
40
2
794
9160
50001
23011
50000
148
1837
50000
50001
53
50000
9
50000
9
5706
126
50000
5
3
506
5
20786
50000
50000
1
50000
2
1
1
50000
3
50000
2
17836
13
50000
233
1139
50000
1
1
4
75
50000
1
375
1
241
2
7
27
2
18
1
65
13
13
64
20
53
34
2
329
2
50000
1
1
1
5
1
50
50001
170
627
50000
33
50000
50000
3
50000
50000
50000
50000
50000
4938
20
187
35
300
4
52
37
2
50000
3
50000
31
38
2
11
50001
50000
3
11346
50000
27
327
1
99
4703
1071
50000
4
29115
50000
50000
1
8
1
565
36528
234
1656
2
50000
7983
3
1
1
1213
50000
13
50000
6
50000
323
53
2
1
50001
2
50000
50000
1
50000
1
14
1
50001
33
50000
77
1
50000
1553
1
1480
1
2
447
1
50000
9640
1
50000
50001
50000
84
125
50000
50000
113
3479
5002
1099
50001
50000
3
50000
50
50000
6
5
2
23
50000
50001
50001
1285
50000
50000
15
434
30
34
21
50000
21
2
1
24165
1
1
50000
50000
1
30330
50000
6
3
1
10
120
2
98
16
132
9
10
719
1
3303
848
8
50000
12378
118
50000
50000
50000
22280
50001
55
50000
50000
4
4
6
16602
604
18750
1
50000
18
13
21
50000
12
23
454
50000
201
9
50000
298
50000
7602
1262
3
538
1
50001
88
1349
4
50000
29
6
50001
50000
50000
50000
3
50000
8
127
75
2
493
50000
1635
5
114
50000
15
1
50000
1
64
50001
25
1
6
32
42315
88
1
148
2
386
2372
50001
50000
45
50000
6
48
10
454
34
50000
8
13
2
1
2
296
312
1
50000
1
50001
1
50000
137
50000
1
50000
4
6
46
5694
1295
33
1
2972
17
50000
50000
50001
4
2
1700
2911
1
18
269
2
1406
3
25298
118
1
50000
302
7311
50000
7
1
168
157
1
224
1
50001
151
88
57
357
50000
50000
3
3103
6732
543
6520
50000
66
25959
5
2634
159
1
13
104
1
50000
1
50001
50001
134
50000
104
50000
1
3
24
10
2
50000
27
4
50000
50000
4
1054
4
5
50001
3
50000
50000
50000
2
1
1124
1
93
50001
9956
1
12
36
1031
50000
2
50
2
6
1713
50000
44
978
50000
50001
28675
251
2
1
5919
5445
32
50000
1
21945
6
2
50001
2
2
50000
50000
16853
50
50001
4
3
32991
50000
16
1426
394
50001
2165
14
160
2050
50000
70
36
50000
2
50000
50001
6
7
50000
26
367
1
3
1
4
1104
50000
45
3
2556
9749
1935
5
178
23
50000
13
50000
17182
79
50000
2
3900
4
2776
50000
50000
50000
1
2
2474
8
1
50
16
456
50001
132
50000
5788
313
1644
1
1965
669
3
1
5
50001
50001
50001
2
3
1
50000
8
1
41606
50000
1
20773
50000
6
50000
55
23
12
1
4
835
11
51
7
3
8
80
4
667
2957
126
40815
11
91
1
24
63
50000
1
73
577
8229
6
4
1
1
143
1
3
1
50000
3
1
1
50000
24466
2
294
50000
50000
50001
115
1822
50000
320
139
50000
50001
237
50000
13
50000
2
166
7094
50001
54
2
247
1
50000
50000
50000
2
1
4950
2
5
50000
50000
15310
35357
7
9
50001
2
50000
2
18
2350
14
2
5256
7
883
1
2
1
2344
1
130
1
10585
209
697
50000
50000
1
3
3
53
50000
50000
50001
3897
50000
128
50000
50000
2
50000
1
2
57
50000
42
80
50001
16
1
1
543
12
50000
50001
20
1
10
50000
190
7
50000
1
1
50000
1407
8
212
6
50000
1
143
1
1
384
1
1042
88
2
50000
3
50000
1
1
1
1415
50000
6
50001
276
394
927
50001
16
292
50001
50000
17987
50000
12
20
50000
4652
2
1
13415
50000
1
3486
50000
1
50000
50000
1
2
50000
81
95
2764
6
1273
1152
35706
27
3
5
50000
1
1
28158
194
50000
5
1
3
30215
9
27
50000
7
13
5
30597
68
50001
28
2
50001
10
50000
1276
521
3
50000
1
2028
50001
90
9
6
50000
50000
4
2
3342
38
36
435
50001
23
2
50000
75
50001
686
3200
2
916
1630
50001
94
50000
252
50000
50000
1
5008
1
4
1
1
7
1
50001
1
25643
1
1747
50000
382
50001
172
50000
59
4
276
94
29
50001
42392
8
23
370
10
50001
699
140
50000
29
1
50001
40
10
482
23
50000
50000
3698
50000
39
3
15
1452
50001
3
1
3934
3
50000
1
50000
144
12
50000
530
418
50001
18
952
2
63
4
50000
17283
50000
50000
50000
3
362
15
491
379
270
2
50000
844
9
12699
6
573
50000
50001
1665
13889
7447
5
50000
50000
349
2
166
25
50000
1
50000
10
2
945
1
1
62
50000
13
1657
11
50000
1805
45
356
50000
2467
3
4
3510
13
13
2
1
6
50000
50000
4
9
3
2
11
102
50000
32
23
50000
19
50000
50000
1328
4
1
1354
1
5892
3477
45
502
7311
16
45
250
15
1869
1
50001
160
2907
22
12
4
16329
50001
50000
3385
2
1
2
2
446
106
50001
1
100
1
50000
50001
50000
1
14
50000
5
2
8
1
142
50001
50000
200
50000
5
50000
130
1
5
2
74
22
69
1
50001
50001
3
156
2
3
50000
50000
24
50000
19
332
26
17
2
1
8
50001
152
103
50000
57
50000
1
4
35
94
39
7
50000
283
10
28
5266
4
1
50001
1
5
3
42
50000
3804
50000
50000
3
24
2
3
44
3
1
4773
1
50001
1
50000
87
3272
15
2287
50001
50000
50000
3923
4
733
14805
1
24
5855
3
24881
50000
1352
2
50000
3
6
34
1
445
49448
33
1
6
175
50001
1
384
50000
1
2
18
6
50000
1
864
50000
133
50000
766
5236
548
50000
50000
29
1317
50001
1
8684
427
4
20
77
50000
2
9687
2
2165
50000
38103
50000
13
11
3
23442
50000
2
50000
475
50000
42
50000
10
88
50001
15988
50001
50001
6
9
252
2
11
22
595
9
13
15
2466
50000
1
35
14
1027
3
50000
1674
1206
249
2
6
4
50000
4
50000
1
2
50000
40
50000
50000
5
16
4
4095
6874
1
46145
50001
31
8
138
680
1113
50000
9137
18253
598
2164
2
45
13
196
637
50000
35032
6
5
3
45
1
50000
13
50000
50000
1
50000
50001
4602
50000
252
1
1
50000
50001
5
50001
21
102
6340
34
6
1
21923
764
4
50000
2
50000
2446
34
50000
31
1
54
1
50000
152
59
50000
4
7
2
12357
1
50001
11460
1
2
1007
1
50000
19
28
20
2518
50000
39168
2
218
6
50000
18
1
50000
400
1
3
50000
57
1
1
172
50000
873
50001
151
166
28
4445
1
1
10
5
491
50000
24
50000
18
735
50000
1
13501
50001
1
50000
197
50000
50000
22
2
47989
644
37
1
196
50001
61
50000
7
2
4
2
146
50000
3
12262
50001
11524
2091
1
1
50000
50001
5
50000
2
50000
1
6095
50000
1
50000
1
2
153
1423
176
5
13507
50000
29505
21
50000
29978
1
50001
266
9
50000
6
369
2
1
50000
10
1
50000
50000
50001
49
3
50000
26332
55
26
6
7
5317
50000
50000
18148
1
1
50000
13160
775
1
50000
3742
1
50000
2040
2
1
5807
456
44
2
13
15830
1443
322
116
2
50000
1
430
172
13017
116
44068
1
1970
126
5
50001
17
50000
50000
9852
11
50000
1
143
1
437
9075
50000
50000
3
4
71
72
23
137
209
1013
17983
8
50001
4013
50000
3
2833
29
5
14
776
421
1
50000
2274
50000
2
3
50001
1
2
140
50000
50000
13
14
3356
130
123
50001
2432
22
50000
86
1
5
2942
4
50000
271
7
3
6
469
10
6
294
1978
50000
50000
50000
50001
4
35534
1
50001
1215
4406
5
494
54
22
2
299
52
885
50000
10
50001
8
2118
27290
50000
621
1
1
48
20
1
18820
50000
18
50001
1
50001
2069
50000
229
3
741
50000
2
5
9260
186
675
1
4
50000
112
37
2
50000
50000
54
50000
50001
17
50001
4
5539
20157
50001
2
9840
1
49
163
1103
6551
32
4
12
90
1
4423
1
50000
50000
3
50001
841
50000
281
50000
1
50000
277
50000
2
296
2
50000
17532
50001
1
2
1
1
681
50000
1
50000
619
1
1
50000
2
50000
12
50001
1179
91
50000
2
50000
50000
50000
2
50000
25
50000
1
2
138
111
23143
25
32
44
3171
50000
50000
2
50001
48
2
50000
50000
1194
3346
50000
77
11
6
5
948
15
50000
50000
4
21
50001
50000
1
9
2386
191
50001
50000
50000
50000
8893
157
7
2
2266
2
4
1
5
9259
5
1
50000
50000
6
14
9
3
50001
1
25051
50000
2
45
13
24
50000
1
2943
28690
933
50000
108
58
13
945
14
187
50000
31
34
1
50000
1
2
2
50000
50000
2
12
50000
50000
22
50000
2088
50000
1
1
98
50000
472
5918
6
50000
32142
50000
9
324
1
1435
639
1
693
50000
1776
22
1
34
50001
1
1
50001
630
50000
739
50000
12220
227
14821
50000
2
24
204
50000
50000
3
167
3
2
88
50000
882
33006
825
50000
50000
2
50001
6
27
50000
3
50000
69
761
2
50001
8
2
2539
6
1
131
10
506
193
34550
17
683
50001
93
8
3635
4
50001
34
4362
9433
41547
1
50000
50000
4696
30614
8
50000
63
79
1
3
50000
1
4
50000
50000
1
50000
3
126
50000
1
50000
78
50000
49
53
50001
7716
50001
6
19
3
50000
50000
50001
2334
2
31
880
9
50000
2954
171
3811
50000
56
89
510
1311
50000
7601
3949
3
50001
16
539
3
1815
50000
73
2316
870
50000
15545
4
50000
23
417
682
50000
3
1
50001
50000
4
1
300
1990
2
4064
50000
50000
50000
1
21
50000
50000
9965
8377
50000
90
2151
1149
391
50000
36
79
25
50000
1
95
50001
4
888
1
1
66
50000
4
26225
4
366
50001
50000
1
5
1
12
97
50000
1
50001
1
25
93
50001
2
50000
6400
50000
112
50001
2
38125
1
16
3286
50001
1
9824
1
43
2
10
2049
8
10628
8
1
12
60
50000
7050
1
50001
50000
11
50001
50000
13065
264
482
13053
22213
50000
50001
8
4
31
50001
4
26651
1917
50000
731
30
7452
1535
1
2
50001
37359
78
3
3
2
4
64
10
50
31
55
2
50000
2
50000
8
50000
50001
1
8893
31
50000
50000
7252
11171
7938
41228
13078
50000
50000
116
1
5
3
2
50000
50001
3
9
50000
50000
34
62
1
50000
50001
50001
2
15433
143
12960
1
50000
50001
50001
3
4
31
50000
1
1
12
50001
2133
50001
751
265
1209
50000
8
2900
1
50000
25617
1
2
50000
7
3248
10862
3
186
1
2
1
43
50001
1
50000
19
50000
50000
50000
11658
626
7
3
37
14
253
4
50000
50000
50000
1
30880
50000
2
50000
3406
300
50000
2
50001
16716
7
50001
219
2
50000
50001
50000
139
8
50000
13373
6
10
1690
426
2
156
109
50000
1
1
50000
50000
50000
5
5
3959
14
8355
446
1
15
1
507
19134
610
1
58
573
2
4
4
405
184
1
7315
18
50000
811
38446
50001
1
1
4
7
3486
50000
50000
8
73
1
41
110
63
1
18
50000
50000
18
2
50000
50000
50000
50000
50000
9
179
1421
7783
50001
321
1
50001
50000
50001
14978
3
50000
1364
50
4
1
1
42
409
186
3406
5
196
2
22
2
20079
4
470
50000
2
346
1
12
4
60
401
1
32613
59
1
8425
12
179
538
3
50000
2
3156
30858
400
86
995
50000
50001
24
3
6092
1
32
183
1
2
136
19320
1
2
37368
1
56
5
260
9
2
1
104
1
101
50000
500
50001
514
5602
50000
966
5497
50000
50001
1
4
50000
50000
382
1
30
50001
50000
50000
4
3912
3278
1
3
50000
1
3
3
12
100
50000
25
93
1505
1
32
43
41
16
48163
89
2
1
820
45
1
50000
1
50000
50001
1
50000
50000
2018
10
50000
50000
50000
50000
6
50001
84
11
3
1
5
3
9936
32194
18
41
119
50000
22
31
2
138
50000
5978
50001
50000
50000
1
1
902
11
1
2
720
242
1
35
1127
50000
50000
50000
50001
93
1
126
1
50000
1
2
124
1
3
12
8
50000
1
50001
50000
1382
3512
1
6969
4062
50000
50000
131
50000
50000
21472
94
2
5
50000
4
50000
3
3
2
48481
1298
50000
22
8
50000
317
50000
65
50000
2
50000
164
312
1
980
6
50000
1
50001
50000
1
50001
6264
1
2
4
13
1
50000
2
21
2
207
1
6
8654
50000
3
50000
598
50000
7
5
451
13
50000
41
27
50000
50000
2
50001
12
33694
259
950
50000
3
8
21
50000
1
42
3
75
1
1
50000
2
50000
50000
1
5
95
50000
1
1
45
2
6
1720
3
1
1
24620
50000
10
23
50000
50000
3377
50001
34
1
50000
3
50000
49
50000
47
50000
50000
561
1
50000
50000
466
50000
5665
2361
2
1
50001
6
1
50000
78
23
4
82
50000
50000
452
8222
363
40
32211
2
6498
2
50001
8496
951
50001
50000
11
2
50000
50000
1
4
5
35
1
4
50001
50000
12
47
1
122
14
50000
169
168
1
11464
3
2
1
139
4
50000
50000
50000
1
822
28
4
50000
50000
1
57
50000
223
21810
50000
50000
2
50000
50001
497
143
3420
50000
50000
18777
1
12014
8
1
50000
2
50000
77
50000
2
7167
132
50000
1
1
1
2351
3826
3
3
2
2
1
1
50000
50000
24
1
7151
15
50000
643
38044
1
9
81
3
2
19
2689
50001
50000
796
50000
71
50000
7
150
50000
6
28
24343
4
8
1
10476
50001
574
714
2
50000
50001
50000
5
50000
23217
1947
50001
50001
4
1
50000
282
50000
104
50001
1
50000
16
13252
4
6844
2
50001
50000
28
2
258
3
4
50000
1541
1
12
74
15654
50000
50000
277
50001
50001
3531
134
84
17
50001
23
2
2
50000
960
50000
1
180
3774
1
50001
31
4
9
181
50000
137
50000
1
1
4
12
11
50000
7
1
778
13
50001
3
1
1
4681
6177
20
3
50000
6491
89
118
2580
2
1
12
20
7
18
50000
16
1
50000
170
35454
553
2
324
1
17747
6
50001
1
1
62
50001
1030
2
4
61
620
1
50000
2
337
585
14
50000
30
4
19
50001
50000
7
50000
50001
37
50000
50000
1312
50000
424
50000
50000
50001
50000
50001
50000
2
57
3
11
51
50001
10245
50000
232
1652
110
2
1
50000
50001
2567
2
24644
8904
2
13
619
1118
1
50000
14062
3443
49863
217
1
138
50000
50000
167
1
50001
50001
609
50001
1
50000
13
47
50000
1
1
50001
4
2
50000
4601
137
717
50000
11119
3
33
38
291
2
2
2
50000
3
15
30
1
20
9
4
43
11126
50001
11
1
242
50000
1823
21
213
370
1
8
1
152
50000
2097
3
9
50000
103
1
50001
1
2
103
1
50000
50000
9
1
1117
14402
1
117
50000
1051
58
208
3
1
5
222
2
50000
33331
50001
2
138
13272
50001
1
5702
50001
16
3
2705
20
2
50001
50000
50000
1
27
149
248
121
50000
50000
475
199
2492
3570
50000
50000
2588
4068
10
916
263
1
51
190
5
50000
50000
50000
1
29
50000
50000
9
5
35313
9551
50000
12
2
349
50000
117
50000
50000
25
1506
50000
2066
1650
33
156
147
50000
50000
2
3
50000
36
51
8
29
5468
3
2
2
12
50001
132
748
20
50001
50000
17
50000
914
50000
1
189
50000
2797
2
50000
1
5960
50000
50000
5
94
7
50000
5
2
6
16
50001
9
6804
13
3
15263
531
26
55
6224
1
24638
124
1
693
5
1377
45
10
2
2
4894
16843
9566
19582
2
304
50001
50000
1
50000
50000
50000
3
4110
50000
3608
50000
50001
50000
1
50000
8
50001
50000
792
50000
7
1
3
104
28353
1
33
35
9730
4375
50000
2
50001
50000
1
4
9
87
11
2
50001
1020
50000
3
4
1
50000
50001
50000
50000
881
1678
56
50000
2
1
29
50000
50000
1
50001
50000
1
28
50000
1
50000
31
3163
1
50000
4185
50000
1
6
7
2
208
65
50001
13277
50000
1
50000
1348
50001
50000
294
1
3
50000
7336
50000
17
1214
5
1
50000
1
1165
61
3
26
698
50000
48
50001
2
7
30
100
1
2
14531
22
677
50000
2
10
50000
2
50001
50000
967
1
713
8
12
6
3
70
9
15
26
4
87
52
4
50000
70
3
50000
5
50001
21915
226
14
9
17501
269
715
2
4
1
50001
1
50000
1
50000
2
3
50000
615
199
2988
50000
28134
26853
120
1
50000
50001
50000
50000
87
776
50000
33
50000
1
39
2638
6
4926
133
34
110
165
11357
50000
3
50000
29
60
1
2
2304
1
50000
34
1483
65
50000
1
73
1
42
3002
50000
50001
56
50000
50000
28
2
50000
28
5
18802
1021
23
2
1
50000
68
5936
50000
2261
6034
14
7
27
2
50000
4
3
48477
50000
2
4
1
110
12
241
33
1
33
125
4160
50000
1
50001
50000
2
43425
50001
39432
52
50000
5840
9361
10
50000
50000
1
13
50000
1
1
6987
54
50000
50000
4610
50001
50000
40
8
4
8615
46217
50000
17
168
10133
50001
50000
3
1604
50000
12
80
2
50000
583
3841
5
50000
251
1
1
50000
50000
221
58
17
50000
3
3
11907
144
605
443
15622
1
50000
50001
2
7
3
123
5795
217
1
18
3
50000
1
25
113
14235
50001
14768
17264
2
1
2
50000
50001
1
50000
50000
552
1
6
96
425
50000
50000
1
2
1260
50001
50000
50000
145
50000
50001
8
1
22
6
67
26
50000
2
50001
42
1931
36
50000
46
26714
50000
2369
50000
1
50001
5
5560
50000
50001
50000
50000
5
1
50001
4
3
50000
79
43
501
3784
1
2
4889
17
82
34658
31
50000
6287
1
1
39
1
50000
3
38
50001
129
6379
139
328
6
44675
13109
1
7
6
50001
50001
7
10982
50000
21
30
1799
1
3069
267
197
7171
3
12
27409
5
1
50000
50000
100
6
4
1
1
1
139
157
50000
11
2
50000
2
151
47778
1
50000
311
8
50000
1
1228
2
38
154
70
50000
20
6
2
257
50001
5
135
101
81
1
1
23
1220
2
2
13257
24
1
50000
2
50000
50000
50000
50001
2760
2
22
17866
3938
17221
3
50001
50000
3
1
2
50001
1
5
50000
50001
41597
50000
4
1
1
50000
41071
50000
47901
50001
1
50000
3
50000
50000
50000
1
302
16
19972
1
11
3
77
3
4
50000
10
5
50000
35
18
1
50000
1114
50000
29455
3
50000
50000
50000
4914
50000
3
45
6
1
50000
45348
50000
50000
1
14
50000
24
50000
2
2
1
23242
28
13149
6806
4125
50000
1
2
2
1
1
3
38308
1813
50000
50000
50000
29
5349
1
50000
21
8
5136
50000
289
8
203
2
1118
1
78
1
2
50000
112
2
4
2
21
8035
2
208
1
50000
50000
1
1
50000
5083
2
17
3
8
82
7670
12851
1
20
22533
7
45
50000
10
5585
5
1
139
15
328
980
248
633
2
1
7
2
257
1
1302
1
50000
194
50000
50000
50001
1
6
1
290
50001
2
22
80
6564
50000
50001
3
50001
73
50000
1
6
50001
293
15810
50000
50000
66
67
3861
31201
50000
1
50000
1
1
1
1348
138
1
1
50000
70
1
4
1
50000
50000
50000
38
1
424
13
261
184
2
3
11
2
50000
2024
50000
3
20
2
1
3
892
50000
338
50001
7407
50001
1
7
47
8
6
1
1489
691
4
50000
4633
1
2
1
50001
21
2
24
50000
6885
365
104
3
398
178
28370
50001
1
50000
32231
2
2572
16
59
10
168
101
50000
13
50000
69
20
1
1138
1
22871
2
27
1
1
50001
3958
61
14
50000
50001
50000
13
18192
50000
1
16558
50001
18438
70
50000
95
80
12
8
1
1
453
50000
50001
2047
1849
10
95
2
29823
2
30
10894
176
140
289
2
50000
4557
37
50000
36896
194
50000
2
42
29
5
1
35
16
50000
1
1
50000
611
8
50001
50000
50000
3
178
50000
50001
2
355
50000
5
3
1715
50000
1119
1
50000
3
6725
81
1
5
50001
1
212
11532
8
1
6
50000
50000
50000
12428
1
5
9
7
50000
1
51
4958
3890
1
50000
1
4
1911
50000
21
23664
1655
50000
1
46
1
114
50000
237
35781
7985
2692
1
7
17
50000
4928
1
16
35
8378
699
50001
50000
528
6
50000
2
11
9
50000
50000
4138
1
153
50000
44
38931
2123
13
50000
50000
24040
50001
50000
9
50000
98
8
50000
2
14932
16
35
253
50000
1
1754
2
80
50000
2
1
3
1
50000
50000
50000
1
20
263
50000
1
329
50000
83
50000
1211
16
1182
21
31
7
5
8327
10
970
189
1
10
50000
8
50000
50000
50001
7
50000
3389
663
50001
50000
2
2
1
2712
1254
18
57
50001
10
9
1041
8037
124
1
1
3
6
2861
35227
5
2
47
216
50000
50000
26
5
4
319
50001
1
50000
40
5668
9
29
50000
45
149
1
50000
1
1
50000
50000
26888
1
50000
50000
536
14
169
50000
97
50000
18
1
5478
194
5254
50000
446
132
50000
4
50001
6
50000
50000
1
409
5
411
1
2
6
50001
1
50000
2007
78
3365
50000
3
47
52
12
7
50000
1
2
37
2
30665
35911
12
790
50001
50000
50000
120
50000
11
1
50001
1
50000
50000
2
610
50000
50000
152
175
50000
1
50001
32281
50000
6094
42
50001
4944
5
36
16
1
50001
6
334
50000
50000
12
1
75
7
50001
9
8
50000
116
1
102
887
58
1
50000
345
52
2
20
50000
29439
26174
25
6
50000
50000
2154
50000
4
50000
1
6947
7167
2
50000
5
2
143
1
4
247
36
21
50000
77
50000
2
1
293
50001
8
5
50001
50001
7
3
50000
2
7
3330
226
50000
2
1809
28
3
50000
50001
50000
50000
50000
283
508
8
50000
13
630
22107
5807
2
6
50000
8
2
41
3
50000
8
3
50000
13
1
343
10653
50000
50001
68
2
1
59
50001
50000
161
20595
21
56
413
5
2
110
19
88
45
64
7
31
307
1
12
57
2
1
50000
11448
35234
4
109
50000
4
21819
5582
50000
12608
3333
31
50000
1
2
23
1
819
41
86
50000
6
1
3
19269
16
24
3
37
43510
3
50000
2
50
7
2
20
6
4
90
1
4
50001
3667
262
16
1
2
1
42
50001
1273
14158
9104
3
417
297
102
23
9011
50000
28245
3
50000
81
50001
9435
6
45244
50001
1
4
66
3
879
50000
816
50000
10
1
1
50000
2
415
14
25992
50000
50000
3
11
22
9335
50000
50000
13
50000
138
3
82
50000
50000
50000
707
1
34503
24220
15
6728
2
15
69
1
167
50000
50000
3
6
1
1
2
50000
3450
283
50000
29
1
299
3973
50001
16333
9
15
50001
50000
134
22
18984
12844
22
3
50000
50000
71
50000
18
28
50000
13209
22
1
1
50001
50000
12
426
329
1625
7
50001
457
1
1
3
50000
89
8
2
120
28
2614
90
325
376
340
7
50001
17
7
40
4481
11
50000
41
297
6911
50001
1
3378
956
5922
1
1
50000
1
50000
50000
5946
50000
1
1
50000
31
6063
123
57
3
50000
50000
448
537
2
4
11
14
6
50000
118
50001
50000
193
50000
5107
723
313
2252
49
47
50001
44
107
56
7217
50000
50000
5
50000
992
2320
50000
1
303
1042
1
6797
4
1
5417
1
1
50000
50000
2616
50000
2
50001
2
10468
367
47
50000
2
1996
10677
50001
50000
26
571
1
50001
713
50000
43
5739
2
1
50001
13661
14
2
2
1694
3
1
24
154
1716
860
2289
20
2
14
10
6
6
91
19
979
31428
2
16
50000
979
6
1
50001
50000
3
35596
1
3
30596
7
208
4
2556
6
1
9
909
50000
5
2581
2490
1
61
50000
6001
50001
15432
50000
50000
50000
80
25319
4784
23
2
101
266
22
50001
50001
50000
2808
5
50000
50000
50001
50000
19198
1
50000
1
1
9
394
1
1
3
2
1093
34153
31
2
50001
12
2
2550
2143
50000
1
5
1027
87
98
1
9576
50000
50000
1
50000
2
52
69
2
9
6111
1
3583
36948
1857
50000
1
17
60
50000
23
1
3
16
51
9927
42
3153
50000
50000
3
50001
2
50000
206
50001
1
84
204
2819
50000
322
7636
1
63
366
35
3
1
1
50000
76
169
6
26229
50001
10778
4011
50000
38
2
50000
17638
50000
1
1731
18
1
1
50000
3
2
4301
326
50001
17032
50001
5
267
50000
227
30353
5
2
50000
90
50001
50000
50000
248
15
3210
606
1599
5
42
50000
1489
1790
50000
50000
17
1282
50000
5
1536
26324
50000
40208
33061
41737
50000
1
3393
76
372
1
33
1
25593
50001
50000
408
103
50000
50000
50001
5
1
50000
1208
50000
1
2
10602
1
590
10
4
14
23
5148
5
1307
50001
50000
7
378
336
50000
50000
23
50000
50001
1
2
1
112
23
11
196
84
314
50000
189
1
33412
4947
124
7
2
5497
25997
2212
3810
50000
6
204
2713
1
50000
74
1
177
1
2
1
4173
50000
50000
177
51
72
1
50000
50000
1
1248
4
2
1137
853
50000
984
50001
6
1
5
350
497
18
94
1935
928
2
50000
1
34227
50000
8
3
50000
53
50000
59
38618
6
7569
50000
1
1
18
50000
50001
22
50000
1
27
5
35
2
37
2
18511
40
9562
2
50000
52
506
2254
4
547
1
1
42
1037
1
1963
34
50000
47
20
50000
72
2
1620
50001
3
111
2
175
5
2
490
50000
50000
7
2
50000
2527
20
25
2
38637
4
1
2976
3637
591
2
50001
50001
19
1
33
50001
50000
30587
187
99
50000
23
1
2057
18645
50001
2
15390
50000
1453
3
3505
2
5
50000
2803
50000
50000
4169
50000
2
183
1
50000
50000
50000
50000
159
10538
1
28
212
8
50000
50000
379
1
254
34
11
20784
1
2
31011
351
50000
2
1
11988
436
50001
3
1
10
50000
1
3
2
34
9
3
8
1
4
753
1
50000
508
84
220
50001
659
58
24
21
10
5
1
5608
50000
1
50000
3
99
50000
50000
3593
2
1164
28
29
50000
3
50000
11118
2
1
105
50000
50001
4
3
49
3826
10504
7374
16
15
23
29
50
50000
89
4530
50000
1
1
50000
50000
50000
27
1
3
1
54
50000
1159
41
5214
98
50000
50000
50000
201
50000
50001
396
113
1
50001
17
1332
50000
3
50000
43935
4
197
6
50001
32
10
392
21
1750
50000
3
151
1
1
50000
14644
50000
1
40112
50001
103
5785
50000
9
5010
715
50000
5
20
3
1
10
2
26
2
50000
50001
1
50000
50000
1
132
36
50000
23
126
1
1
2
478
374
9
50001
50000
50001
136
557
5
9019
117
11
8268
12654
2
50000
4
50001
205
7
29
1
50001
50000
11292
50000
35
13333
50001
50001
50000
3261
10
969
3935
50000
27983
190
2762
50000
852
24
1
1483
2
5
12
231
3
2
1
14
50000
50000
13
50000
50000
11014
5070
1522
2
1263
3
12888
77
1
39569
50000
1624
50000
6
149
32
26
1
50000
5391
7
33
165
74
2
50000
38166
2
50000
50000
258
50000
50001
44
50000
50000
50000
386
50000
1
6
50000
2
136
1
10508
177
50000
58
7
50000
1
50000
4761
50001
50000
50001
82
4
136
50000
4
3
3
6342
1
183
75
50000
89
50001
50000
50000
4
92
406
2
3
4647
2764
50000
50000
7651
4
4
8589
4
1
20712
38
50000
8
20
9
25
50000
23
4
67
19
1
1
50001
50000
50000
11
50000
99
1635
3
304
1
50000
1984
6
50000
3636
50000
1833
35
1
50000
10
50000
1
1
50000
26
4
4953
36
50001
481
113
2
50000
14
11
64
91
50001
50001
6449
6
12
2
8
23
50000
50000
1
50000
5699
57
50001
6
50000
1137
50000
2
50000
1168
1
537
2
33
16
2
2
50000
50001
1
6376
33271
25709
2
2379
50000
2208
37
2521
8
49
1
3
50000
1
529
6
3386
50000
5
232
13
50000
50000
23
2
50000
50001
32
90
27093
50001
29848
29175
11
5
5147
50000
7
54
50000
17323
50001
1
50000
284
50001
3175
1
269
50000
1
50000
50000
52
2
87
112
50000
1
8
50000
5649
1
3
1738
8
50000
1
12
61
4
22106
1
50000
2
50000
2890
1
23
1
2
97
1
67
9028
112
1334
50000
2
1
8563
1
16
99
50000
50000
5863
50000
50000
2
50001
50000
3
50000
50001
11
14
50000
3
1
7
2
2450
50000
1
76
50000
50000
50000
366
157
5
50000
50000
120
13435
535
50000
50000
664
6
50001
222
50000
4310
50000
11
13
17
1
1
50000
375
22
1720
1096
50000
227
78
31856
50000
50000
50000
5518
50000
12340
11614
26
50000
50001
2017
50001
186
67
1
2
110
134
34904
28712
50000
50000
51
50000
50000
3
123
4
50000
3333
1
9353
50000
2870
2
50000
1
50001
2
1203
4
2260
6792
50001
50000
22
50001
3096
50001
50000
166
1
50000
15
50000
50000
1521
50000
50000
702
476
305
13594
54
14
1
839
50001
248
50000
50000
50000
50000
79
89
6
402
2
22
53
50000
4
45
50000
50000
8
351
1
14
7
50000
5650
50000
50000
60
24
5
3603
150
50000
95
50001
50001
1
699
3995
6
24166
1
5
50000
50000
5
3714
3
50001
50000
1
4
50001
50000
17
3
5
50000
2
3
50000
2
3
7
50000
15
1
5
2
50000
172
31
50000
380
1
146
12
50000
2
50000
50000
2
17
50001
3
8
13
4
50000
300
853
36
50000
10078
4
5
50001
50001
50000
361
50001
32839
129
1
677
2298
4
2
31
192
11
3
50001
1
6906
50000
3
1
2
6
26542
1538
50000
2
5
50001
50000
50001
2
1
58
92
1
12
50000
45
1
313
13
2
1
50001
8688
30869
449
50001
3
6
1
50000
50001
2
25
1
50001
96
43
4
50000
11412
166
1726
50000
480
3
50000
1129
50000
16615
15
3
1151
462
50001
50000
195
135
50001
1
3200
50000
108
3
29
3616
996
18
2324
1
50000
1
5
1811
1
50001
5
50001
279
50000
1118
50000
3
7
50000
204
50000
1
50000
50000
2
41721
6
1
3
1202
5
2
2479
3
50000
50000
151
55
50000
41351
1
50001
1
1
2594
756
1
2
1
5
13226
1791
15
50001
50000
632
50000
3526
50001
50000
50001
1
50000
50000
50000
2602
23
8971
1
50000
2
12
115
50000
50001
181
19
36
50000
77
50000
13970
5
8441
74
50000
2
5
750
7
2
282
58
669
3260
1
1
1077
3
24
10
50000
6
703
47570
585
2
1
1
1
45
50000
2
17
8
265
10
3
34
50000
50000
70
2
50001
51
4
8
50000
50000
1
50000
50000
9
50000
3
50000
2
2
32038
665
1229
998
1
9
34
5
50000
50001
2
1
50000
50001
1
50000
8
12
50001
10
18
11
601
50000
50000
1
6
50000
1
16
50000
24
2
1
6
443
50000
50000
480
1
31594
2
23
50001
48507
670
2
2
10
7
7
3408
50001
1345
19
2
29
2157
4
50000
1
26
1006
50000
964
3
1
28
1
1
9
13
22
1193
9914
50000
12
3
21
50000
26001
50000
58
1
71
1
50000
27
50001
50000
178
1
3
50001
50000
2829
8541
50000
1
17211
50001
1
449
50000
1
1
111
50001
1
23990
1
28
13
110
50001
50000
2
29
50000
50000
16
50000
1078
15107
50001
415
1
8
3
1
42
26493
2
2
3
2
1
50000
50000
4749
1
50000
6
50000
10
50000
5
567
50000
50001
31
2
6
2
40194
50000
1106
50001
50000
50001
2
22
948
2
11821
8
1
1950
24652
50000
21
29
50001
5638
50000
1
33
3
50000
50000
240
2
8
484
2107
50000
1
948
79
730
22358
2
50000
5
312
1734
50000
1
2
50000
50000
50000
6739
1669
1
4
50000
4370
50001
3
50000
3
50000
50000
150
1
16
16771
1
90
1
6159
75
1
1188
4
6076
155
2
50001
10
1
50000
2
3
50000
3
158
58
1
20724
2
222
50000
123
517
8
18
1
50000
50000
27779
17
39
366
1
50000
2
1
31569
2
2
27
442
19453
8
1
50000
59
50001
1339
246
2
3755
50000
21
50000
2
3274
10
50000
3
11795
1
24269
50000
50
96
4044
568
1
50000
79
1382
243
1
3684
34
1
320
50000
9
2
17
7
23
11
9
26
31
50000
3
532
2
60
50000
50000
4
72
50000
2
29338
3
50000
10
50000
3
50000
1
5
143
25867
1
1
50000
15126
50000
37
530
50001
17
2
31
1437
110
5
50000
26
61
1
25
50000
32
64
2434
2
50000
5
3
36143
50001
7887
50000
3
50000
50000
1
1
16
1
50000
21
1
1
50001
1867
1
50000
2
1
5
3
1
50000
12347
2
50000
23
2207
565
4
4
21
1
73
3
14761
5
2
2
50001
12
5924
976
50000
1
50000
185
30
1
138
91
50000
50000
50000
16
1417
50000
1
2
855
50001
1
56
91
1
50001
50000
50000
50000
383
1
16
383
178
50000
240
8
50000
50000
16
18
50000
5
26
264
287
2
34
84
3
936
3
22
774
50001
3
50000
50000
1
898
1
3224
2
50001
1
2
50001
73
19
860
14764
1597
829
4499
50000
5
1
126
50000
2
1
50001
1
111
8614
138
50001
50000
1
1
13702
10500
4
50000
9
41552
23926
5
309
56
2742
27711
15
1491
1
3152
50000
1
6
841
6
4
457
8
50000
2464
2
50000
8
1
1
12
1
8
1
4
1
50000
1
50000
16
50001
6
50000
50000
16
29
1
4
2217
1211
100
1236
114
7
50000
50000
60
50001
1
6
8
5
1
54
4
1
2
607
704
9
11
444
571
43480
34
8273
8
9
105
1
3
5
8048
192
50000
50001
1
1
50000
2523
1
12512
2230
2688
324
1
551
27
2116
12
50000
2976
50000
50000
810
3339
147
1
976
1
51
50000
86
47
50000
3
90
4
306
525
50000
9
2
50001
50000
50000
225
2
67
1
5669
134
50000
49
2432
1939
1
67
1107
1
1
50000
50000
1
13
1914
50000
2
25
1
1119
9
31
23475
987
50000
50000
15
1
50000
312
395
50000
222
6
2120
50000
50000
50000
14
9
2393
1
1163
649
50001
65
31
27
167
4280
50000
69
5
2
50000
37
3
1
162
5
1309
33421
32
96
3288
4494
2
15504
2
7
50000
271
50000
15680
48876
10
162
46489
60
26
7
7
50000
50001
1
185
7
50000
1
2
121
50001
467
331
6
50000
8
516
9
50000
338
138
4232
146
119
50001
17773
50000
50000
50000
50001
40
50000
845
1
50000
6
482
120
1371
855
2496
50000
50000
50000
50001
50000
52
3
1
463
50000
1
10710
7026
2914
3
761
50001
34312
50000
5
20
6
1
30
45
440
298
50000
50001
15
6255
2823
50001
194
50000
50000
50000
455
1
33
2
503
2185
215
16950
1
3
50000
3
50000
221
2
1
50000
50000
15
4
50001
493
50000
4
7
5
92
50001
1
150
9006
1
348
1
50000
23034
39879
596
12
50000
50000
4157
1
3
1
2518
3
3
3
50000
29
50000
510
50000
471
611
50000
1347
6212
7
50000
7
50000
129
50000
2
181
228
16656
12
50000
1
55
14
4
50001
20
18
1
50001
424
539
34
50000
1290
1
38
7
1
13
4
50000
50001
50000
3
3
1
12
50000
3
5512
50001
50000
268
1189
50000
3
7
8
50000
3009
50000
1
1
3999
1
82
88
50000
441
1
50001
1
24527
1
2
1
50000
50000
1
4
236
11
17
9
19
1
2
50000
50000
93
745
50000
2
50000
46
1
50001
1138
50000
50000
1
17
2713
17
5636
1
1
6950
1
3
50
831
50000
4082
1
50000
50000
50000
9
43
50000
899
1
50001
200
685
50001
26
3
72
50000
50000
2290
7
12
182
24
362
50001
1
41488
18612
24
50000
27129
162
3
66
5
50000
6
2
50000
39
2957
732
1
1
50000
4
1
3
50000
50000
4
50001
21
2
2
1
50000
5068
8
1255
25
41
1
146
14
3
1903
240
50000
1
50000
45740
1
50000
50000
1
178
50001
50000
50001
26848
1
54
13160
50001
17573
107
19637
50001
4
1
1
50000
50001
50001
45
121
157
787
605
12926
50001
50000
50000
5468
50000
32
1
50000
12
19
32
26
50000
50000
2
11
3
53
89
3
50000
50000
47940
50000
50000
127
40
50000
46
1
50001
8
4
50000
13
1
177
11211
70
50000
111
10573
1
38496
1
5
20
2
5
50000
223
50000
306
50000
1004
19
80
53
50000
153
50001
5
4
76
2
1
245
2
3236
356
50000
1
25
11
1
58
33802
80
11682
1
131
1809
10770
371
50000
50000
50000
50000
1
4
21
1
27
50001
1
4854
4555
3
7
50000
70
56
12753
103
50001
1
50000
1
49275
8552
3
50000
4
1
50000
43
9296
170
50000
3
80
3114
50000
2
1
50000
50000
30324
50000
38
847
50001
50000
53
50000
50001
909
1
2
1984
50001
1
10
1
1
472
50000
59
13
530
3317
50001
149
50000
10631
30
1855
50001
1
59
50000
50000
50000
3
1
4
50000
1
4
11
50000
2
271
241
50000
1
56
2
1
50000
10
50000
50000
14
42181
3000
5
15
44
2
5
251
456
2
6
3
5
4197
50000
1
41
4026
21
50001
40
88
586
66
33
9
3466
16481
50001
2
55
26
6647
6140
518
31
1
50000
1
1
50000
50000
50000
1267
1
10
74
8
219
38
50000
1
50000
71
1108
1
83
50000
1
14
1
1
50000
946
50001
225
1
6246
50000
51
50000
5515
47
12
7698
1489
50000
44732
260
1
40
50000
1
221
403
20581
1
1787
315
14
8
509
8
510
50000
563
2
50000
7579
8
984
50001
3
18411
12
2
50000
2
50000
13586
211
50000
452
179
2379
371
6039
50000
3
1
1
119
6
10144
282
1
732
50000
50000
75
9
1
42
50000
50000
2973
2
15
38022
48
2
56
50001
6
50000
7
3
8
2171
2
1
2
50000
537
50001
1
1
112
21
1144
4546
29088
50000
50000
50000
49
14320
16
1
50000
749
1
4
1
50000
2
50000
1
1
50000
2015
16
157
3
17583
3649
141
3
31954
50001
58
50000
1
118
1
1
89
4983
50000
40
17
6
50000
50000
6
39206
1
1
50000
23057
71
3
2
447
5
5
2017
9
2
122
4
50001
40
3
50000
81
26
50001
3
16164
141
2
4700
16
50001
48
50000
7
50000
7530
21
50000
723
15618
33
375
228
5
1619
11
86
50000
2
4640
1
3532
1
1792
2002
1
71
12113
50000
1013
40
50000
366
2
50001
7907
3
9
144
8975
19
50000
50000
2
3
35
6849
50000
7
16
7
50001
50000
340
557
23
50001
15182
1
143
5156
1
1476
4
4
25
50000
1166
50001
50000
1269
24
50000
5
28
6992
50000
2
3
50001
5
1
6
10
50001
547
34
1
1
157
47
4
50000
308
12792
50000
1
100
2
23
50000
1
180
12
3
50000
257
306
2973
50000
50001
34
50000
2
26
169
35006
101
2
2
50000
6
1
1
4
50000
1
1
44890
338
50000
1
2
1
50001
50000
50000
2
96
50001
22
50000
8
50001
215
1
162
50001
1
1
6858
162
103
1368
1683
50000
1
2
3
50001
545
1
14
1
23
1
2
910
4
303
50000
45
50000
5
97
72
171
15425
5
1
50000
2
21
1
13
18
50001
1
243
2293
2
50000
50000
3225
1905
71
50000
1082
6
1
16
50000
647
50000
14
17943
1871
2
50001
29
9845
47964
50000
50001
4
18
5
17
19
50
97
6
1
50000
1
4
14325
50000
227
50000
1
50000
1
50000
50000
205
50000
50000
1
1
50000
67
3
50000
3
1
4
1
1
13
50000
2
50000
50000
6543
50000
23987
50000
50001
1
1641
1
2384
4
50000
466
50000
50000
14204
3913
2
11806
2789
2
1
4
925
21698
2362
62
50000
2
313
8
1
50000
297
5
50000
1549
8
8
17
50000
8170
2
45
50000
50000
50000
47
8
5558
405
50000
50000
42234
5
2
1
2
12
3270
1
50000
1
1
79
2
23
1
25088
50000
50001
15986
50001
50000
1523
50001
327
18
1435
1
50000
50001
50001
6
50000
14
3
245
2
31319
10
32
50000
1
2
3
50000
1
39
15
106
50001
22
1253
3841
3
1
50000
1
48
5
1
50000
2
50000
50001
31544
7702
376
50001
50000
50000
1
50000
1
16
104
2975
2
2
1
29
325
50000
26
50000
4
1
50000
50000
50000
2636
1
1
1
50000
5
50000
50000
50000
1
50001
50000
1
1
1307
50000
50000
71
1
50000
2
2
6930
10
1
378
50000
3
714
23
1
2003
2
50000
66
50000
258
1
1
1
50001
50000
6
6
4
584
292
1
50001
50001
14610
3
3
5
2
16
5
50000
83
36
3
4435
1111
30
1308
50000
1
127
11152
4
1
15289
727
3664
218
31
5434
50000
11
3
50000
1
50000
1
1081
47826
367
50000
1
98
118
57
16148
12
25
50000
1
50000
29
50000
21
71
50000
36
5280
5
1
50000
50001
295
257
40724
50000
50001
10
7
50000
76
178
7
1
45
218
96
12
83
10
44
14
6
50000
4
22
50001
50000
10428
1274
6
89
93
50000
50001
9
5
3
50000
58
22
663
50001
741
148
11
2
50000
1
1
50000
17
2
106
50000
7
77
48415
65
4
66
1
18
50001
243
66
50000
1
50000
4866
1
2149
206
39352
1
50000
8684
2
1
50000
2
50000
3346
50000
2
427
118
1
1
49
50000
50000
50000
1
199
380
5282
69
1
29
2
2
50000
3
235
20
1
50000
2
134
280
1
6
1
1119
269
50001
42
14
1594
3915
1
50000
3153
1
1
50000
50000
4
4
50000
100
1313
56
50000
32
3572
50000
9
2
2
98
6236
3
103
22
50000
9231
50000
21
1
141
5
9
50001
2
3
1
50001
50000
875
7
30
50000
26
11
13
32213
1
288
50000
50000
1
27296
389
50000
50000
50000
50001
10666
50000
15775
227
50000
187
139
50001
50000
9
1
134
12
284
50000
50000
47
50000
50000
3104
50000
6
50000
11
1
573
501
50001
8321
42
50001
1
50001
50001
50000
1
20
1
33
13
13
7296
43393
2
32
3488
420
50000
11677
50001
1
1
15
33
50000
1
1
1180
9417
3
50001
50000
50001
5
1275
26
501
136
7
1
50000
3
50001
5
50000
31724
50000
3
327
646
298
585
1
785
50000
125
50000
35
1
37
11
1332
50000
70
1962
9857
50000
361
50000
50000
2201
50000
6
50000
17
17
50000
50000
2
50000
2893
15234
50000
1
173
50001
1
9
1
432
50001
17
131
15319
50000
50001
1
50000
53
1
220
50001
1
45
50000
50001
1771
491
16711
206
6613
2
50001
50000
11
50000
50000
50000
27
9
41
66
17035
4
466
18
50000
68
1
50000
10
46914
50000
50000
36
4
137
3552
51
3
1
360
50000
4
17
2
531
44359
14
50001
4
1287
4958
3
1
4
2
1
27
139
50000
5
191
50000
66
1
897
1
1296
44792
50000
2
50000
126
1014
50000
1
1
811
85
22511
624
50000
1
18
5
2
10
6
1
1
25
247
50000
50001
50000
24
2018
26373
1
1181
1
50000
83
50000
1
50000
12262
3
4
1226
48
50001
2
50000
50001
50000
4
1888
50000
50001
23640
3
2
1250
1
50000
50000
7
50000
5
2832
3
2
1
50000
5
50000
2
50000
50000
50001
295
11
149
10
2
50000
50000
50000
4
40858
50000
50001
143
2
26
50000
50000
1
3
6
50000
10
5401
36
3
50000
3
50000
50000
21203
12
5
1
3
1515
18157
1
454
50001
6
108
153
2
4
50001
50001
6
50000
50001
8450
14546
50000
27422
12
20682
4511
50000
3
1861
1
1
1
8253
628
1
18
50000
578
44
1158
2397
1893
4
17
50000
25638
1
5
50000
6
6
100
20408
5
50000
45819
24
944
18
35
1356
50000
1
21
533
39076
4
1
50001
2459
50001
1
57
50000
2
2217
40
608
6
19
368
2
1572
2
50000
46
2
1
50000
1419
1373
1
1108
50000
1106
1
50000
138
2
2
1
8
2561
50000
13666
5
72
2
31082
1
336
1
1347
50001
50000
153
50000
125
1
4751
50000
50000
196
1
475
31324
50001
2
50000
10
2
18
50000
50000
894
2620
1
1
14
70
44
12
50000
50000
50000
3
76
55
12533
10
7
50000
96
14483
50000
1
1
66
50000
4268
175
5
1
74
5893
50001
35
1301
1
6797
147
18
2879
736
281
1
1122
1
50000
50000
38
50000
35
50001
355
9
2
22664
538
1
7
1
5
50000
8563
31
50000
5
50001
1
365
50000
2
125
4
50000
33
2
12779
5
50000
50001
63
50001
50001
14
50000
134
50000
1
2
50000
50001
60
5
2665
42
7
4177
1
9786
1088
7844
50000
26
2
50000
6
3
50001
498
16
29
1
50000
662
16
50000
83
3232
50001
25
50001
50000
1
2
7
216
25645
1
6
8
5
5
548
1
50000
4201
50000
998
50000
763
13
24458
1005
50001
50000
50000
20
1
3
28
2676
146
50000
6
330
6
1
50000
8420
4
50000
19
1
47
50000
5
14
33
223
4
21
733
415
50000
419
50000
1
5
50001
3
33
702
2163
1
48379
37613
3
2
1
81
3
9
4
309
9
1
39
50000
1
28343
1
50000
23686
8
62
9
50000
197
15165
64
1
166
31
28597
4313
41
50000
9
8
50000
50000
13
2567
1
51
1
230
50000
1
68
17
1
2
107
1
2
2
4967
2
50001
50000
17
50000
9
50000
50000
34395
50000
1
26987
241
41797
1
3
2
1
1
50000
387
50000
50000
50000
3
4
50000
159
279
50000
16
19
50001
72
7
36
7
1
20329
4
7
1
50000
6530
374
406
6
2
2550
67
1
409
72
1
67
407
1
50000
50000
244
50000
79
222
1
105
1
1
7812
1
50000
1
12180
639
1
8
50001
22
3459
3149
1
110
26
8
1
41419
1
1
26
2
4
10
50001
17
3
50000
3
50000
117
1
659
1
1
1178
3886
13
2
32
50000
20293
4
50000
50000
50000
25619
7331
38
1
5667
80
50001
50000
50001
1
2
8
3
50000
24
50000
2
1
102
81
7
50000
33
50000
17
17446
55
50000
5
2
665
21
1
486
50000
1283
11
43
50001
829
1
50000
10258
1689
1
2306
1
90
276
43
120
50001
214
1
50000
38921
50000
288
2
6857
33
50000
130
18
2
50000
44
1
50000
557
5
5
50000
1
50000
50000
50000
1
50000
50000
50001
50000
21154
1
50000
108
127
50000
1
50001
7
50000
2
2
50000
2
36141
50000
50000
44
5
227
15
2
50000
50000
28
1
1
50000
292
40
1
21
16
214
1
484
17
1
50000
5
50000
50001
50001
50000
50001
9
2
24
17
23083
50000
28
43
1
15308
29
4912
50000
231
50000
195
50000
900
7
1398
860
50000
50000
5599
75
50000
1
9
1498
184
3
2
1
25941
1
6010
22787
2
50000
12329
1
12
50000
65
8
71
380
50000
22378
84
1189
3336
50000
50001
13
1721
50000
305
717
2
22
45
12
2
1
3704
3
50000
50001
97
2
75
1
3
5
50000
6
50001
1
33
18
50000
1437
303
1
50000
31018
125
9
50001
50001
63
362
695
5
28
2
31
4
57
50000
50000
50001
2
144
1289
21903
159
14
26
50000
9452
50000
122
1
5
50000
93
9
20
1168
7244
6
50000
11
65
3
3
15099
7
18
27770
50001
11
129
4
50000
50000
1
50000
9
50001
44
6
50000
18389
50000
50000
50000
4258
50000
81
2
57
1309
16
50000
6
25
6
1
110
1
1
51
8
1
50001
50000
50000
1
38284
50000
50000
50001
105
867
1768
4
483
20
1490
9
538
3
19
50000
8
31871
5222
50000
16
6
1
74
1572
5
1
50000
50000
1
50000
1
1
1
50000
4
114
17
50000
1
1
130
50000
10
50000
312
50001
5
908
1
41
3
68
50000
50000
5
5
46
2
38
50000
1259
1371
4
50000
2
2267
1
86
21119
50001
134
3
50000
1
19
9
50000
516
57
50001
1487
366
50000
61
50001
37460
50001
1
28
1
50000
50000
381
50000
50001
13
28
50000
1
398
1
1166
50000
50000
50000
14
115
50000
50000
2
5
50000
3656
13
50000
2
3
1
1
50001
164
50000
195
1
3
1720
1
11633
3
5
50001
18224
40
84
2
1027
216
5
37
50000
7
4
20817
34
1
19
7490
11512
50000
50000
159
4
5
4
1
149
4
1
50001
13
50001
50000
50000
50000
294
1
1
6
50000
50000
50000
50000
50000
147
10563
50000
50000
76
24
6
94
9
48
6
60
4345
2
331
40
8800
2
10
104
19
10
50000
3350
50001
2
50000
50000
1
13985
180
42
50000
1
536
50001
50000
3
113
1681
1
27
2
837
1223
4
50000
52
50000
1
50000
50001
50000
6
50001
50000
50000
50001
50000
1
2862
2
4
86
1
50001
11
50000
12
50000
50000
18
11807
3
1
50000
7
1
2
9
1
10
17
1
4
6
330
40
19
812
38
9043
1
24096
3
16
4
1
95
27223
50000
3
4278
4160
50000
18
2222
10
50000
11200
6
50001
23
50000
28
1
11848
280
50000
35564
50000
6
2
17
4
31
40
3888
50000
50001
42909
35
2916
328
26
4
1
827
50000
6704
22549
3
48705
2
1
21
6
2
204
50000
17
18576
18
172
15
50000
14
50001
50000
106
2
27
50000
2
50000
50000
50000
50000
50000
247
1
11
836
50000
105
50000
950
50000
3
504
3344
6464
1
1
50000
7
10
50000
50001
12112
92
4
40965
56
4
26
193
6
13515
50001
3
1
7
1783
5
224
14
20
1163
1
79
1
1336
2664
422
50001
42254
1
2
12675
50000
8713
2
50000
3159
50000
50000
13
50000
118
50000
50000
771
2
1
50000
2
5245
4
23260
630
186
7
1260
38352
12512
2
50001
44932
52
11
64
50001
1
94
659
50000
23678
3
22
715
178
