50000
15
24146
455
50000
781
1
19
28
50001
38
18
18
1203
7611
50000
13
46
50001
3091
11148
50000
1221
50000
50001
50000
50000
1
2
1
1135
90
1258
114
13
5283
50000
63
4
50001
9
4
21
21347
1
2
3
50000
10343
1
93
732
1
1410
50000
2
2
117
542
3
1076
42
50000
50001
1
50000
50001
5525
911
50000
37
4
50000
50000
50000
50000
50000
1298
50000
50000
50001
23
50000
1
44
1
69
50001
3608
1
612
2
4
441
50001
15
113
894
1
3
50000
975
50000
23190
50000
5000
35
38
1895
1
1
50001
4
1
50000
140
1
1744
2
1922
178
12
13
7
50001
109
11
4
880
666
1
50001
50000
21
39
116
22883
93
518
50000
3
50000
50000
2324
50001
50000
1
50001
50000
10
1703
8
11770
1
329
50000
50001
4
3462
1
5
9660
1
4
2
50000
211
2
1
471
7
152
50001
1
269
20
50000
50000
50000
50000
3
10
3
1
50000
3
1014
50000
50000
494
25
30
50000
2
50001
50000
61
50000
30
50000
50001
181
50001
50000
884
50000
904
50000
153
79
4
164
77
1
21355
132
1
698
210
50000
50001
30514
50000
7550
3872
50000
50000
8
122
50000
333
4
2
1
11
50001
3
14496
96
50000
662
8
50000
5727
50000
50000
3
50000
3
1
194
50000
2
3746
5
4023
2
50000
1
1
50000
50000
1
3
6863
50000
50001
1
2
31
2
1
50001
268
3333
50000
50000
1
1
67
145
593
2
19
43
50001
5
3
41
80
10874
2
50000
50000
207
50001
1317
2682
2
1
5
16
1398
3
2
185
93
3
120
1845
36
2387
2
1
24
50000
125
1
2
223
7
2
259
50001
440
3
50001
50000
6
1
1
20
50000
50000
27
153
20
1
50000
3
50000
2954
7992
50000
50000
5
50000
1
50001
50000
186
2
50001
8
3
45
50001
6
5
50000
41834
11
103
50000
40
50001
50000
1
1
14123
1
4
5
249
3
19
6
9
50000
80
50001
9
50000
5600
4893
1
32
820
81
50000
1
55
5558
440
50000
29575
14
102
27585
50000
20
2
120
232
54
6433
3
1163
10964
260
5
68
21878
50000
3621
50000
1
377
1126
50001
1
22062
2
50001
50000
370
1
14
26
1
1
1
4
23149
2
3633
87
50001
50001
2
1
311
2
50000
11
4
4
50000
50001
1651
5138
50000
50000
1
4
3
1
1327
50000
50001
3
50000
63
50001
1
50000
50000
29
50000
6132
1
50000
486
1
50000
1169
50001
10
1
1
30
50000
1266
153
3659
1
6900
11
50000
7
4260
13
50000
1416
50000
50001
4
85
435
1
241
2
7
27
2
18
1
65
13
13
64
20
53
34
2
329
2
50000
37
50000
2
882
50000
4
30
4
35
50000
1
5
50000
42080
50000
50000
1
1
1
50000
6040
4750
13206
50000
50000
4
50000
44219
50000
1
1784
182
5149
37296
17897
18745
50000
1891
50000
21642
50000
125
84
78
50000
2
50000
50000
50000
221
5
63
50000
29
3
91
12
21
2
50000
32
24
4757
1
50000
626
50000
2
50001
50000
50000
12
696
50000
34
6
1
50000
2
1
408
28
1509
1605
64
50000
3
50000
3820
1
44
231
134
33
1
1
6
1
50001
50000
2684
4
33
6362
2999
50000
50001
1
50000
50000
8623
21
50001
50000
1
163
50000
50000
3835
21
376
1
2
2
50000
2111
3
29
1618
50000
50000
1
1067
50000
3
50001
50000
1
23816
1
4153
8
50000
50001
1
235
2535
2010
468
3
50000
8
50000
50000
6
50001
4
986
50000
2
507
50000
21
50000
8368
50001
3
910
172
1
19
50001
50000
50001
1
14495
13
997
1
50000
1474
4
50001
74
50001
50000
1
50000
50000
1
32473
1
50000
7
40
42
50000
2387
50000
8
3
1
1282
50000
16075
50000
18108
50000
34588
50000
50000
1
35638
3
1685
200
6
50000
4
859
2
786
3
50000
1
50000
8
71
2
1155
50000
50000
234
50000
50000
6
49
50001
50000
2
50000
2
3030
1439
1
5043
1
4
1
50000
5
2
4855
45
50001
10
2
12
1
5355
3847
18
50000
50001
787
1
1
1
4979
211
1
18600
5
2806
104
1
14738
1688
5
267
70
2027
50001
6755
1
50001
50000
5548
29
60
2
10
796
50000
1
34131
50001
1
50000
2
1000
16189
30
10
50000
121
2718
50001
5
6160
383
3
2
1
11932
50001
116
174
1
50000
126
89
1
1573
1
50001
58
6247
1
12
36
1032
1243
50001
278
288
50000
50001
50000
50001
50000
55
50000
1
50000
1
50000
160
50000
50000
5
24
11857
1
3
963
550
50000
1479
50000
1
13
3
2583
14
160
50000
312
8
3
50000
1
4
50001
50000
50001
1
9
923
1485
1
3
1
4
1104
50000
1
50001
6729
50000
1
610
32
50000
50000
2
1
50000
5367
50000
509
6
28251
19
13
18
50000
360
3345
71
143
1
21
59
50000
1
1
2191
313
4229
51
3
1
5
50000
50000
50001
8
1
50001
50001
83
105
1
19
97
50000
78
2
50000
50000
242
5070
50000
2904
50000
699
50000
81
50001
50001
7543
81
616
50000
2
10988
50001
1
69
1
29
1643
50000
3
1
1584
1
3106
48
9
50000
50001
138
50000
24
5
795
1
50001
1
19
50000
6
50000
50000
50001
50000
50000
10
1
50000
102
123
50001
12
1
60
50001
8
1
51
44959
50000
29
26
50000
7
2511
37575
4
1
2954
50000
1
50000
50000
2759
50001
50000
384
118
1
50000
50000
50000
3
1
1
2975
50000
50000
1
1383
50000
201
50001
50000
1
6406
8
212
6
50000
23
159
1
1
384
1
50000
50000
2617
50000
2
50001
2265
200
20
50000
137
555
50000
1
4
50000
50001
3
20802
9
15
2
4796
50000
2
50000
13012
50000
21
50001
50000
10961
25
5
50000
4447
1232
465
1
4
24109
27
3
5
34448
4
375
1
1191
2
99
50001
50000
915
50000
50000
6
403
2
378
225
1389
68
50001
10
1
50000
15165
170
41921
1
50000
50000
1771
3434
50000
50000
1
272
343
5
10
50000
12
1
50000
3357
50001
223
2715
50000
10195
1
45
36
50000
50001
3
1067
41583
28577
3
50000
1110
50000
641
206
24
39067
50000
50000
50000
50000
50001
4975
8627
225
2045
79
3
685
4
485
50000
49
6
50000
6605
296
50000
28
1
5
1
50000
50000
1904
1
2
50000
50000
12
141
2
1598
1
50000
530
16
50000
26693
6
52
50000
50000
50000
26851
2
50001
874
9
50001
5
50000
2
50000
50000
6
58
1203
5
27
50001
8
2247
1
9665
1
2
361
50000
2
50000
4
8
2
29592
50000
50001
12
3
50000
10
50000
4
128
50000
2165
6
50000
4
348
11
50000
50000
1
1
11
22649
250
15
1869
1
50000
1
3109
22
12
4
20060
1
50000
187
50000
2
10
4
106
50000
50001
50000
9
48
50001
25
50000
1
10
1707
50000
50001
5
13146
4
16
53
50000
50000
2
19169
2
50001
14
1
270
50000
50001
50000
50001
50000
50001
1
2
8261
50001
24665
34
3
1
1402
50000
10
4
50000
3
9
1446
50000
9
204
13
50000
706
14476
6806
50000
11
4
45357
50000
5050
7
50000
504
11
50000
1
3
6
50000
912
50000
1
5
5
50000
50000
50001
50000
1
3619
50001
87
50000
1
1
50000
1
307
2
50000
1
50000
50001
1
92
50000
50000
50000
9488
50000
1
4835
50001
126
1
50001
1
107
33
4
18
146
50000
50001
2366
455
50000
17874
22994
18
50000
1835
56
50000
1
9
50001
473
748
1
65
19
65
206
50001
50000
41
1
904
25710
9
1685
50000
3
50000
1
126
50000
31
1
15
50000
50000
1366
10432
128
252
710
50000
28
48503
21207
588
2
50000
50000
59
5
50000
50000
50000
23
1
50001
50000
6
226
1
1
50001
50000
1
373
50000
50000
4
1
910
1
50000
1
146
94
50000
24594
50001
26
1
2
4585
50000
50001
11
25455
1
2
1007
1
50001
4
1
4
50001
2
14
50000
213
4540
2
50001
13263
31
2
1
50000
50000
50000
35112
50000
45
50000
16
50000
3
1
1
1
50000
69
33
16242
1
1598
13603
3
50000
4
1
460
50000
50000
120
3919
316
9012
9
61
13708
7
142
1
1
37
1
196
50000
50000
20
1
142
146
50000
12311
50000
50001
5
186
3
582
50000
50000
1721
155
50001
9
50000
1
4
6455
237
50000
1
1590
8
25
10620
176
5
5630
50000
9
386
3
1
2
7
3174
62
77
50000
2
50000
50000
1389
13
5156
1805
15
1924
607
1
92
50001
346
450
36
461
2
128
2
1
274
50001
207
50000
50000
4
565
268
50001
50000
1
36175
50001
50000
5
4664
71
3
40
50000
27660
41726
50000
2
1
49663
2
62
3
5998
306
10
1
2388
2
3
50000
50000
352
50000
207
50000
50001
1
50000
50000
4
444
311
5
4463
50000
1
6
5
262
160
209
1013
48314
85
3
50000
11605
15747
422
1
6370
50000
19403
5958
1
37510
7
2372
2
1098
50000
50000
3967
4
2
43
14
5
4
50000
50000
1
11
43
8
81
50001
1837
63
50000
1
106
50000
32
50000
50000
1
1
1
2
19
50000
50000
50000
50001
1
50000
50000
85
31834
4
15
8
50000
10
50001
1
6
50000
5482
1
491
50000
124
50000
2701
186
676
1
4
1442
603
136
8992
50000
50000
7
8
7
5
50001
2
15
50000
1
50000
5121
3160
50001
50000
29000
1
50000
5
6286
36
7
19224
50000
3
4820
50000
2
129
15
178
3
8113
50001
50000
14
78
49374
312
50000
1140
194
50001
3
143
50000
50000
50000
12
954
2
62
1
50000
37
9
200
50000
12
19
56
232
5633
1198
157
2
12
8
1
12
50000
719
1
50001
18
50001
1
1783
200
522
50001
50000
392
1
129
50000
1602
50000
33
54
1
207
339
3
3
1107
7
50000
2
50000
50000
50000
56
50001
1
50000
3
27
28
50001
50000
86
50000
25
50000
2
9
2
50000
50000
69
50000
1687
38
50000
1
11849
50000
5
5
19671
7
1
9
4
50000
50000
10
695
50000
10
50000
41153
1
2
50000
48989
1086
2
1
17
1
815
1190
50001
4
54
50000
132
10
50000
24
36
102
68
14
105
50001
50000
38
50000
50000
523
1
50000
1
1
50000
4
6
28710
50000
5
3
7735
1
50000
13309
22
1
34
50000
33184
25
2
33020
50000
50000
50001
615
1
16
9
1
3
1
3
3
3
1
50000
4337
139
665
24
9
1832
14
4870
62
33
1
171
50000
316
1
3
2
89
50000
919
50000
1
50001
690
50000
9
50001
50000
1
19
36
34
25
4780
50001
31932
6
1
131
10
506
193
35272
50000
133
3636
4
4312
7154
50000
54
1
43936
1
50001
4
50001
2
50000
11
50000
1
50000
50001
3
50001
2
1
4
50000
50000
1
322
50000
212
50000
6
49
108
2
1
213
3
54
50000
35885
50000
9928
50000
4
24158
50000
2
50001
50001
1
50000
50000
136
50001
50001
1
42439
1
87
86
50000
229
50000
64
1463
317
1
16
228
1
12413
1408
3611
50001
9415
50001
50000
2
50001
23
2
330
6
16
2
23
8
2
4
17
50000
1
19
50000
2
696
3
50000
21
745
2
5
3
50001
50000
8
2
19
50000
1920
1212
3823
245
4
50000
50000
50000
8
50001
380
1
50000
50000
29795
33
4
8241
338
1
50000
11
1
50000
1
1
1
50000
50000
50000
8
1
50000
50000
6565
50001
50000
50000
4
50000
821
1931
10
16
22
2435
430
50000
1
50000
1
50000
61
27
47175
949
23
50000
939
50000
122
79
50001
215
50000
9
2
1
51
50000
85
4
50000
1
2
158
87
60
4
11198
6
50001
10
50001
17
50000
5
25
28
2
947
1786
6627
130
215
5972
24
6576
50000
1
4344
50000
11
50000
50000
50000
16
150
50000
50000
231
62
1
50000
50000
50000
99
933
50001
1
3
21054
177
922
14
50000
295
25
14
50000
1
1
610
2
488
83
2
50000
4
50001
14947
50000
2
2
50000
2184
2725
1155
5
4
50001
111
25070
50000
14
50000
7
50000
1
35
50001
121
3
50000
259
50000
1
1
3847
1
39
148
1112
27
50001
20306
1
70
50000
69
50000
11
889
8
50000
50000
50000
13915
2
891
50000
50000
6
118
50000
50001
50000
349
84
2
2
50000
14
4
12
1
927
299
193
2
6
50000
50000
1
50000
1801
1973
50001
50000
1042
11
1
1
530
1
15
1
50000
50000
50000
19
50000
2028
7
50000
1
50001
21
50000
6
2
50001
50001
50000
50001
63
50000
3
145
27
296
50000
50000
7
1
50001
4
50001
50000
11
2661
1
254
2
13
45894
11
4
45981
818
1
1
22
1
50001
130
50000
327
2
59
13
50000
15
1176
292
401
86
50000
1
50000
1
26898
50000
7
1
50000
1
86
17554
1
50001
50000
50000
829
245
42
3
50000
24581
5
50001
50000
487
50000
9
2500
4
3
471
1
50000
297
55
17
365
87
50000
50000
778
50000
738
50000
50000
13
50000
50000
247
1
3
2
50000
10493
50000
37
5
1
77
50000
13
2
50000
50000
20675
7752
1
50000
9
50000
50000
50000
3
4172
2
7
3296
2377
2019
50000
3
50001
50000
50001
1
1513
50001
50000
1
1
468
5
50000
50001
9
1
171
56
39082
413
86
1
3
1
1
4555
171
9
50000
3924
9
50000
34
8398
3
50000
5442
1
50001
1979
50000
204
35630
170
88
141
2
5
50000
50000
1
28
50000
1
1166
165
564
50000
50001
26
50001
50000
50001
1
1
9
6
50000
3
50000
1
4
50001
8
50000
4
50000
50000
3336
1
50000
50000
118
50000
50000
1
11
6
50000
50000
50000
313
8962
2996
15906
50000
23733
50000
50000
50000
2
50001
2
3
18
1
2
1418
9
1
50000
10026
50000
193
3
1
1
35
16
2
19
32
10
2
4
2
50000
20
50001
31
1
27
1
12
50001
3
75
50000
50000
1
50001
3508
50000
1070
201
10
50000
188
6
1
50000
87
935
8
1
50000
62
8
8414
1414
50000
2
797
121
50000
1047
81
12
22
5
8
4
1
50000
50000
58
1
50000
18
122
24
10
50000
12799
6
8
1
1
1
951
50000
1
50000
1
50000
708
1
192
50000
1
273
50000
3304
71
50000
32
1046
1
50000
79
2669
131
589
101
3147
140
4
50000
50001
50000
902
28
4
50001
1
6
41842
15
33
74
208
50000
15
50000
176
273
204
50000
50001
50001
50001
329
50000
50000
10
50000
5
16
50000
6
6744
50001
4
50000
106
50001
48
10
7
44
50000
29
50000
50000
10
3248
68
3
50000
4
50001
2
50000
159
1
61
4
24
50000
50001
1
6
1298
4
78
50000
179
1
2
50000
79
50000
3
291
10
288
50001
24
647
136
4114
49328
50000
4
2
6
30
126
7
50000
1
50000
2
8
803
50000
7
1157
1776
1
249
50000
3
3
1
4391
15
13
7374
217
50000
7
50000
32
1
1
17907
26
2
50000
50000
50000
2
50000
1108
761
2
1
1
44858
13
56
119
50000
15027
377
50000
17454
888
6
134
84
17
50000
9
1
53
2
50000
2
50000
50000
50000
806
168
1
2755
2
3
1
5
1
1
1
899
50000
50001
1
1654
13
50000
10912
20
3
50000
9360
18
50000
2
54
50000
208
12437
10
39057
88
1
1
50000
32
50000
6122
1
11
6
1838
50001
2
2252
7
1
77
50000
3
50000
8
50000
4076
1
1654
1
31443
2
1
4
50001
1
2153
1
1219
124
13169
50000
2
50000
55
50001
2
50000
20
501
50001
34
1979
8
369
2
130
1
50000
1
50000
1804
50001
9007
7583
3
5822
50001
50000
50000
50000
3133
50000
1
320
55
1668
847
50000
1
1
1129
50000
5
4
16
50000
14789
19982
237
6
3505
50000
50000
143
10
5
158
50000
50000
50001
50000
1
177
50000
50000
1
1
1
1638
50001
3312
1255
291
2
2
2
50000
109
4
43
50000
50000
1
213
379
9
9
50000
50000
50000
3
50000
50001
25
1
6
261
492
50000
10
680
50000
3777
57
50000
50000
50000
2
33
50001
50001
50000
50001
50000
50000
50000
97
156
2
50001
48373
1
51
191
5
50001
7
50000
1
50000
3
50000
514
70
50000
50000
50001
5
2925
1
50000
50000
2
86
1
1
1
18
20
50000
16
44
56
20
1028
2
1
696
19
1
50000
3
50000
1
3
50001
9
176
50000
8
1377
3
2
2
12
16759
50000
833
13
3
50001
50000
251
14468
26
18
67
1
11
6
50000
17133
1
2
12
81
2
1
723
1809
50000
50000
1097
44059
52
1
50000
50000
3
3276
41
630
50001
29327
1
1127
1619
531
26
55
27587
3300
124
1
50000
13
1
98
2893
52
2
304
50000
50000
11080
10
50000
2
4
1
50001
1
50001
2
24
5
50000
3
20019
2
449
50001
1
50001
205
620
232
11135
795
50000
702
96
27
1
496
1
50000
52
2
50000
429
50000
1
157
50000
2
3
1
1
44
142
1
50000
347
50000
50000
19642
4
50000
1
11
5
50000
50001
618
50001
6
73
4
26
63
2
4
2
50001
1
265
7
50000
329
30
1
50000
1
4
1738
195
50001
121
8100
4
50000
50000
193
3
1
50000
1
1
836
5
1
5
15
50000
2677
50000
1
1
15948
498
1
1
42
11
5
1
77
50000
50001
1
66
50000
12
50000
5629
1
1
50001
4
50000
50000
52
1
8
50000
5
40
24
50000
1765
6
19
1
28
50000
1
50000
50000
46317
22779
31
50000
1
50001
7
1811
20
4
41119
6378
3
824
50000
1
10
50001
2
70
449
16
149
709
2
644
4
4
2
50000
5
1236
1
31
4
94
513
226
14
9
14379
11
50000
29828
1
50001
50000
50000
117
83
1
23
64
1
1
3266
7
357
12
50001
140
1
9
50000
50001
292
1480
158
264
1
1
16
20
57
3
50000
50001
21584
50000
50000
1
14476
165
50000
1
3
1
50000
2206
27
1
44
1
3
50000
50000
45
24645
5
794
5553
92
50000
50000
50000
5546
1
25
68
145
50000
50000
50000
5645
6578
13
50000
1
20
2
50001
10
50001
1
323
50000
158
12
241
33
1
33
125
50000
169
3
7
50000
50000
1
5
47512
3
59
50000
3
3
1
31256
47826
5
25779
50000
50000
1
1
5
50001
2068
50000
368
50000
137
5
1
2
8
246
41096
25542
5
50000
1
37
4
1
10
50000
3062
50000
418
50000
9822
50001
50001
50000
3
1
645
5
50000
6
2
17
1
3010
4
50000
1
50001
46
10
3
50001
19292
1172
50000
2
50000
2
97
50000
50001
1
4
4
2789
1
2805
9404
153
4
50000
7
456
53
50000
44
50000
50000
5
3844
50000
5
8
9740
1
1
50000
69
20
50000
3
3
9
50001
50000
14
119
601
1
5
3
1390
58
1116
2
360
50000
58
589
10828
3
2
36
1573
50000
50000
982
4
2
50000
19129
152
50001
2
50000
26449
50001
1
28893
2045
50000
1
50000
8825
51
32
162
8
45
5
50000
1
1
1
1
225
5187
50000
1
50000
3
54
50000
50000
22
18
50000
3
1633
50000
50000
55
2
2
4
50000
2
10911
13119
1
7
6
50001
50000
15119
14
50000
1
1139
6
197
7927
1
6
50000
8
50000
8
50000
50000
53
1076
2
50000
2
4
50000
50000
50000
58
50000
50000
13381
50000
1
4
50000
5
50000
7846
1
10
1
2
1
125
2
50001
11
6
50000
8
51
1
1
50000
11013
1
50000
50001
229
50001
6
15
50001
6
50000
3
50000
1
50000
70
50000
1
906
672
1
6
17963
541
394
1
50000
39
10817
11
50000
50000
3
4
1
50001
4296
50000
167
50000
1187
2
2
6
139
1
14715
1
11
3
77
3
4
50000
50000
50000
1297
21544
796
6
50000
219
26
7
6926
50000
50001
1
50000
5013
8137
10
1
1845
1
5
1
819
5833
281
50001
3669
50000
50000
36
50001
50001
9
50000
1
1
50000
2
2708
120
19636
50000
10
25
1
3
10651
50000
2594
50000
128
50001
50000
2
50000
161
1
50001
1
40
1
50001
4
50000
50000
50001
2619
2
17
3
8
82
50000
50000
261
2
12
1
252
633
2
1
7
2
257
1
1302
1
50001
1
45
1
206
50001
15
2
5
21581
1096
225
651
50000
4
4
7
153
3112
136
50000
6057
50001
50000
2
6
185
95
391
50001
1
94
50001
50001
17
50000
5
50000
5634
38129
50000
2
2
10045
50001
43
10310
2
9
50000
76
50000
50001
181
4
10
4
50000
360
21058
74
37
50000
2144
50000
1
200
802
50000
4
58
50000
2
1
4
2
50001
50000
1
6343
1
2
1
4246
4
3032
1
50000
50000
94
104
3
398
178
50000
3
50000
313
35
728
50000
4
2
7
2
10
35
13
5395
15
170
2366
50000
4
50000
50000
25619
50000
1
50001
4
11911
23
50000
50000
1
30237
12
3
38974
115
50000
30
9320
5684
50000
228
12
392
50001
50000
29
1596
27765
50000
2
50001
6
2105
50000
74
50001
7
50001
50000
582
50000
31
12
5
15
50000
18
4
25629
59
30
50000
50000
83
15532
50000
50000
148
50000
5
46
6628
1
1
10
50000
50000
2
1
50001
50000
50000
63
12058
50000
3
1
50001
50000
50000
50000
50001
4985
50001
15
5008
50001
1
2
50000
50000
28
3817
517
1
8870
28
1
20
67
50000
222
50001
1
50000
5
2
2684
18
50001
30
2002
1
24
1
50000
90
50000
600
50000
11
1
50000
18
50001
50001
50001
824
24
1
63
2
80
50000
37
50000
35
11141
6
50000
893
631
3
6
50001
50000
47
1
1115
50000
50000
50000
3
1
3230
1
50000
339
50001
9
167
50000
2
50001
5
50001
50000
66
48
50000
50000
1001
216
23270
50000
240
12
5
1
37
50000
3
2
50000
32692
50000
73
149
1
50000
6
2
50001
50001
1
2
50000
15389
50000
50000
1
50000
18279
7843
360
36
3
4
1
11
30
10
524
50001
1
2
50000
50000
2
18
10
455
1
50000
268
45
50000
3
1
103
50001
802
2
463
3
50000
32
2
87
2
1297
50000
85
52
12
7
50001
72
50000
6571
1151
8914
12
790
50001
50000
8028
1207
5722
9
751
50000
7262
885
1
4
4
13376
115
88
414
10719
50000
50001
124
50000
1
2300
50000
50000
41
5
1
350
50000
50000
38
7
50000
38
15
18689
50000
1
6
50001
2
50001
7405
2
50000
5
50000
21
9
50001
8
216
2
1
2
50001
1
9825
58
50001
50001
66
361
1
6
1099
84
262
2
1
50001
50001
1
5574
23
9912
9
87
50000
50000
1214
15
50000
50000
730
5672
11
48744
32
50000
5
1
24415
21
164
1
8
1
50000
1678
1
2
50000
50000
50001
9
50000
50000
48
1
50000
34
3
68
5298
1
5
1
500
3
50000
50000
1
50001
27
50000
1
17
7515
50000
104
50001
1
3
1
10
4
50000
322
5
50000
322
2158
4708
50000
50000
382
1
1
3
50000
1
50000
224
2
25664
10
5
1
391
16
79
4
109
4328
36
50000
14772
345
50000
23985
31
50001
36
23
1
819
41
86
50000
2
2
1
48
2
50000
27
105
1066
16493
50000
50001
1503
2
1
113
50001
50001
50000
6
6
19
37
5
35
10489
3
50000
50001
60
71
41356
1
50000
36
50000
13
74
50000
50000
25
361
2
50000
50000
2
1
7
1
5
50001
29
418
267
50000
50000
50001
265
3
82
50000
8
50000
17
1
50000
399
406
1
34276
5
43
1
1
3
1
203
50000
4049
17
2
10298
50000
432
4
487
12
10
35
50000
8
2
37
50001
50000
50000
6695
40462
1
20
50000
1811
1
1
50000
1076
249
2
4066
40
50000
552
83
663
277
547
50000
1689
166
22
50000
27615
50000
3
50001
517
329
50000
18
14607
5
27342
50000
58
18743
11
14834
2319
50001
1
50000
40
392
2
1
1
50001
14
50000
1
1
50000
4
1
1
3
50001
379
50000
11731
3
74
123
58
3
1
50000
4
50000
4
534
537
2
4
11
14
6
50000
3
13
54
86
50000
1
2
50000
5
50000
1
4
2
3
86
13
9
167
50000
88
1
50001
1
50000
147
3
4
50000
1110
50000
4
5
2
9
2
50000
319
8
47
1
1
29126
50000
12
50000
50000
50000
50000
50001
1309
7777
214
25
50000
1
50000
1
50000
3
54
4
50000
8
1
50000
1
10236
18
1
11960
50001
393
13
50001
1
1031
355
50000
286
22751
4
2559
6
9
50001
50001
45
4642
4
50000
50000
50000
28
20
5
31
20
24
50001
9
50000
2467
618
23
2
101
266
22
50000
50000
1
50000
4
50001
35
50000
50000
21
1397
94
1299
50000
3499
10704
50000
50000
4
50000
50000
10
50000
2647
14
50000
34
7295
2
2
3
805
152
652
8
757
50001
1
349
153
59
1
7
6
1
50000
16
25
50000
323
50001
2255
42
50000
1
28
50000
143
895
1
7
50001
50001
1697
75
1
50001
813
204
2680
129
7
4
6
50000
8463
1581
28
50000
503
4536
19891
36895
1486
45
1092
4741
20583
50000
50000
50001
1
50000
50000
50000
50001
1
30
3
2
1
50000
2
50000
3
50000
232
50000
95
1
18
2
50001
55
2
43
13
27703
45
50000
2
6
1525
1792
50000
4
2755
50000
162
4
50000
24
1
4
50000
50001
243
2
50001
9
54
16425
1
50001
50001
26473
15
15
50000
50001
2
50000
50000
419
62
2
50000
1
1
186
1
1
1363
1
50000
1
50000
198
3
2
49
7644
10
66
50000
865
50000
31709
2
1
5
41261
50000
1
2
50001
1
16
2
1
50001
50000
2
43
4027
7
2
1607
707
2754
441
50000
829
3337
50000
50000
175
50000
11
3
36
50000
574
1
33
21201
7
412
50000
50000
50000
1130
22389
22
79
50000
2
8241
1
30
8
13
212
50000
50000
2
50000
1859
50001
50000
2
50001
16
14
20
270
50000
71
1
50000
50001
2074
20414
20934
6240
1
1
42
1037
1
1964
34
50000
50000
29
1807
50000
50000
50000
19
50000
44
50000
50000
9
23
24
21
3
50000
50000
1
50000
1259
2
12
2413
1
156
5447
4548
33086
62
18
50000
131
6
9239
132
50000
50000
4
83
50000
377
14
3325
34
181
2
3004
3
1
228
23
1
2
1
27
11
128
4
155
3
50000
50000
43
14387
132
1
57
50000
234
1
4631
14349
4625
50000
2
66
50001
1
6
3
42
34991
218
50000
32
1936
212
8
50000
10
50000
439
1
254
34
11
50001
178
20
50000
6
1
50000
2
249
1
50000
58
10
50001
2
10740
20
1
50000
50000
21
1
50000
5655
4742
1
1
33
15
8
237
1
50000
50001
1
11
7
4672
2
1164
28
29
35324
5032
1
3
50000
2
1
648
1
4
50000
1
50000
80
2
612
17
3711
12
1023
2
50000
13846
50000
2
50000
4
50000
1599
1
50001
1
4
4103
1
50000
3
76
1
1
561
7
50000
1295
4
50000
136
5256
3
4
56
76
46951
5374
2
27
17
50001
1
17159
50000
50000
2465
505
1092
50000
25
50000
50000
50000
1
8
50001
50000
50000
2302
1598
1
50000
50000
50000
7
8607
2
11
1
50000
263
546
2
50000
2
7
1
3
50001
50001
1
50000
2
26
1
7
5
275
50001
57
126
1
1
2
478
374
9
49059
50000
1
247
1
50000
10523
117
11
50000
2
227
7
50000
1894
27
6
50000
50000
1
50000
29
50000
2
50000
12
104
783
50000
50000
1167
131
50000
1119
43376
40233
24
1
3
1
27808
15
50000
1
2120
50000
426
1
1628
50000
50000
1
5
2
94
50000
1
50000
7
1
2
3
50001
20
8
50000
3236
50000
253
50000
3
50001
1
597
1866
1
23
39
50000
1053
50001
10649
59
22
3066
3
35712
805
638
2167
9
50000
222
3635
50001
14
32
50000
722
50000
50000
50000
34
1
4
305
250
20626
50000
231
2
4
20
50000
50000
45357
50000
2
132
1
50000
1
5339
1
113
7
1108
6
1
1
3643
50000
4921
1
50000
21
18
1
17
41
9468
50000
2385
2
3
50000
506
32
2
99
5856
50000
7
455
8190
4
4
50001
112
4453
34
50000
1
4
1
6
1996
50000
40
17
50001
1
12
50000
50000
114
50001
155
14
66
1
1659
50001
860
2
7
13
50000
6
361
3
1
50001
50000
4395
50000
1
50000
50001
1
20
235
50000
184
2
50000
2609
50000
621
1
50001
1
50000
50001
50000
50001
1143
4
50000
50001
50000
9
5
1
2909
2
525
50000
412
2983
48604
2
1
50000
1
2
50000
50001
9
4
1
203
3
1
1
1
3
50001
50000
84
50000
1
50001
50000
50001
50000
50000
50000
1
50000
6
12
8
6
50000
50000
677
656
50000
2
6443
6
1
1
1
70
50000
3
15
50000
50000
4
10
111
4824
50000
42
22778
50001
303
50000
50000
1
2
9
33794
50000
11
1
7739
1
7
861
1
16
99
33597
50000
50000
50001
591
96
3
1
66
1
563
5
1
2
8
50000
4
23
1
2
1221
27
1
2
50000
2
4613
3424
50000
262
16
50000
66
3
60
4
5
5180
50000
19
4426
4438
50000
50000
1
1
1
5
34
15
50000
91
61
50000
336
43
157
5
50000
50001
46376
50000
561
8
50001
1221
50000
1991
50000
336
2
50000
2
27
62
50000
50001
4197
282
4389
1
3
1
999
50000
1
50000
2
360
50000
50000
50000
430
1161
2272
12
1
1
22
50000
5
50000
50001
7582
5216
8
4
24
50000
1
50000
2066
50000
16102
50000
1
1
178
28932
28
10
50000
50000
1
50001
62
50001
19038
1
1
1
50001
1102
28569
50000
50000
180
287
3158
267
2
50000
92
50000
3
91
1468
50001
9
39
32
1
84
50000
4
50001
1
50000
5
18417
839
50000
33
263
50000
50000
11
50000
35
50001
1
417
8
269
2
22
53
50000
6
50000
50000
643
50000
8
50000
50000
1
30
47759
3
50000
27755
2423
1
972
50000
6
50000
72
10
1
23577
1
1737
50001
2
50001
1
4549
1752
50000
3716
61
5
427
8639
2
50000
1
50000
2667
381
504
4
50001
46
2
2582
369
50000
50000
5
15
12952
50000
417
9
1
146
12
50001
10190
13837
17486
50001
1
7221
1
50000
9
9
1
1
1
50000
1
36
50001
2
1
50000
50000
1
1
22
1
50000
50000
50000
151
5
1
2
50000
50000
50000
171
173
1
50000
12
161
1
50000
15324
194
50000
293
133
50000
1
50000
2150
74
50001
160
88
5811
449
50000
17
50001
50000
50000
50000
14
50000
50000
50000
3
124
7109
1
1
1
24439
41
34
263
15
3
1151
462
15156
25612
30
28741
12
50000
1
50001
50000
831
50001
50000
16214
2
1
50001
20
124
1
1
3
313
6
1
2
1
50000
3
1
9
2
1
56
32
57
16
50000
50000
61
3
17
50000
12905
50000
50000
2735
1
7081
10
32
50000
4
50000
219
55
50000
50000
2
2
50000
50000
1390
50000
23
3
9
10
44
1
666
10423
1
50000
9
1034
95
5
2
59
371
50000
50000
2
16
50000
50001
1
30
50000
19
50000
33108
20
6539
1
19
157
27
25
1
1362
1
673
1
4
1328
5
50000
50000
19
1625
14
50000
4
2265
53
50001
50000
1412
50001
720
50000
3
50000
4
109
1
17
1
14632
24483
13
41967
1
19
1
10
251
83
2
3
118
50000
16479
1
10561
73
50001
1229
50001
11
7471
71
6
80
50000
50001
3
7137
2133
1
34341
2
50000
50000
137
1
993
50000
17
574
175
3
6889
50001
50000
1131
4312
50000
50000
33
27
50000
2
3
50000
50000
918
3
1
1
50000
9
732
4
50000
2
50000
1
50000
3
1
30
3
6
1
278
50000
50000
31976
17784
50000
33047
1
11
2
50000
3
8
20
50000
50000
50000
243
1
50000
50000
1
30919
1358
265
50000
103
50000
50000
2051
50000
413
50000
1529
4
50000
50000
1
50000
2
526
4098
2
1
7948
1
28
13
110
50000
50001
12
50000
50000
45
1
50000
134
620
11
50000
1
4
47
1
156
5
1
1
5068
15
250
2118
24
11
2
50000
3
19
19534
2
94
1
7
1
2108
2842
50000
50000
107
50001
5644
4
2
1515
50001
50000
50001
4
2
50000
47
4
12
8764
11852
154
50000
1
72
3
50001
63
33188
22
1
50001
50
128
1
7821
104
50000
2
91
50000
50001
50000
10243
50000
50001
50001
6
50000
1
4
291
50000
11
3509
50000
1
12430
50000
1
1
50001
1
50000
50000
3
50000
1
2792
12410
50001
50001
3
17
434
1
13
103
10
101
1
90
1
13506
155
2
50000
22
50000
2
15
50000
259
58
1
20563
87
12
1
41
37
2
222
46801
50000
1
50000
50000
948
29
14941
50000
5
50001
50000
23330
815
50001
3
50000
2
50000
1320
187
12904
12
1
5
1
20576
2
50000
759
50001
50000
402
1
99
50000
159
49
5
32
7
24743
50000
50000
50001
50000
3472
5700
7133
13
50000
50000
10
8
50000
18
7
50000
1
18571
3
944
50000
16221
50000
50001
1
7
131
3
50000
101
2
50000
50000
4
50000
56
2993
1
2
11458
234
50001
1
144
143
16
3
2
2
51
1
50000
50000
14
1
50001
50000
50000
2
2
1004
1
16260
50000
50001
664
50000
1
22
50000
50000
1111
50000
50000
4149
108
1
1984
50000
50001
1
19
50000
50000
6
50000
2
1
2
2760
50000
7
8
13
631
38
3
6109
50000
50000
1
50000
9476
1
11684
50000
2
1
1017
1
10
148
50000
1599
50000
35287
50000
50000
3
75
1
50000
2
2
43
44
49044
98
50000
780
122
43016
14
50000
50000
311
50000
127
50000
4
2006
50000
50001
3
3
128
50000
50000
43
8562
1
1
2
792
140
1
785
50000
20
50000
50000
4
23083
22
441
599
50000
87
50000
2
50000
2
3
50001
3
25406
19344
9
2
1
50000
120
1
1654
4
33
10916
50000
272
1625
2
1
21
242
33
1
26223
23249
2265
3
8
1
11
1
441
22
50000
5601
11
27
2116
50000
50000
50000
50000
26206
50000
50000
50
50000
50000
50001
50000
50000
50000
2
4
1
3
71
50000
67
50000
12
2
50000
1122
50000
50000
1
2
50000
1590
50001
1
2354
4
2
3
1054
23685
1
6
2
39
2
2
337
1
7806
14
50000
16
1
1
33
11
5
1
1
4
5
6
1
649
2
39176
2
50000
50000
8130
2
1
1
2963
73
50000
50001
8
64
390
1
50001
1208
6
2
50000
2
1
1680
211
7
50000
4
80
6
2
12478
50000
50000
50000
50001
1
32
50001
3
2
1814
9
50001
4749
146
119
50000
17822
29688
16
50000
50001
9
49
1
7
388
50001
1649
5
151
50000
1
50000
12632
50001
710
666
50000
67
50000
337
1
50000
2
4
4
50000
1
2
50000
21
28551
2915
3
50000
50000
50000
50000
50000
50001
38
50000
1770
50001
50000
1
36743
81
50000
791
33
50000
52
50000
156
50000
6
536
48
3742
50000
50000
334
1
12
25316
50001
4303
2
2
4
1
50000
156
2
50001
1
5248
10
1
5
5
5
1
1
2
50001
3
17515
3
1
4
50000
10
50000
17
11
14
555
50000
513
613
10436
355
50000
1
1
56
30
50000
1
21
35
50000
392
95
50000
15
1
468
50000
39
15
50000
4
38
50000
50000
133
468
50000
8
84
983
2498
1
63
1
3596
8
4
1
50000
8
50000
50000
50000
13
39438
4
50000
1
50001
28
21
50001
9230
8
3
70
2
15
6957
50000
21512
655
3920
50000
394
50001
6822
6
50000
2
8540
1
2
5252
50000
2
50000
50000
50001
50000
50000
50000
3
9
33
10978
7
15
1401
831
50000
1
2964
8
2
50000
4
5
50000
21596
50000
1
19
50000
1
61
34
2
50000
631
50000
6
50000
42
19
161
1295
1
1
2
898
21
50000
1
776
2
50001
18
50001
50001
6
24
3578
407
14331
5
13207
50000
50000
50001
1
31183
50000
32702
70
378
11
15
1520
7
1
2
50000
50001
13
3
2
491
285
18
50000
1
4701
34
50000
50001
6
1
3270
394
2408
50000
20269
6
50000
1
1
1
50000
42
50000
62
6227
50
50001
1956
50000
50000
2
50000
50000
1572
5338
50001
50000
50000
144
1
419
547
56
2
50000
193
46
50000
1
1363
215
186
1
50000
18
10
50000
1
1
3676
50001
7
50001
50000
13
38
1
26955
50000
1
41
108
44677
184
1
1
50000
50
150
162
40
50000
1
83
1
50001
4624
50000
23
50
10831
50000
8
526
1967
4270
1
10523
50000
3
9
50000
50000
78
50001
437
1
6
1963
3
32
34
18
37
5
9
50000
19811
4060
50000
50001
3
13
15903
371
50000
29426
40
21
83
50000
125
50000
13
50000
860
2
4819
3
2
13
20372
3885
3
7
50000
2
175
50000
50000
27
2
7393
50000
33
4
4800
50000
1
2773
50000
17820
3
50000
789
50000
1
13
693
2
15151
3
3309
50000
241
2
50
50000
10786
17
214
50001
15
910
50000
25309
50001
35
3
50000
7
50000
3
4815
19
50000
14
50000
2
50000
1
50000
50000
3
5
50001
50000
2
5
1
1858
1
8
5
5
15
50000
1150
190
50001
54
20
50000
289
1
55
50000
253
506
50000
50000
457
50000
32291
1
4201
50000
1
86
30224
1
50000
73
328
8
50000
69
50000
88
4
3
50000
1224
125
50000
50001
19
2276
3
5622
12174
752
50000
3
3
50000
16
50000
10
4622
50000
31
1
686
2
50000
50000
91
14
8
33
50000
1
888
3
148
50000
2943
102
1
989
317
102
44351
1
1
11
345
260
1
40
1346
50000
20069
2488
2
8
510
50001
4
1
5
50000
8131
1
6
1
1
3
27
58
985
50001
2360
1
50000
37
2
527
3
50001
50000
50000
5
5399
50000
15429
50000
1
1
10
3
53
1
50000
50000
50000
925
50000
749
50000
50001
1
50001
72
12
50000
4577
8
7640
24
71
50000
24
173
1
50000
1406
5
50000
628
50000
2443
399
4728
838
23521
50001
736
44867
14
47600
2
122
1
1
1
106
5759
141
3
18576
167
50000
50001
33
5
50000
1
50000
50000
444
3179
219
50000
8
21
10
143
874
50000
5
874
25286
2
71
3
2
447
5
5
2151
4
50000
77
50000
50000
21235
50001
2
3
90
50000
50000
50000
50000
7
50000
19
2
316
246
50000
50000
3
50000
61
115
9273
144
50000
1
1
3
3
137
48930
1
2
3466
50000
1
2175
50000
50000
13
50000
15
172
50001
1
44
50000
2
50000
4
952
1
27
1913
50000
2
50000
9
1481
50000
50000
82
4
70
46208
50001
1
60
2047
7
1
50000
946
108
4688
50000
1
14
1
50001
31
50000
308
541
1
50000
1
1
50000
1
1
50001
21
50000
352
20
9
2
50000
50001
9
50000
1632
1363
11897
1
50000
10
50001
7
50000
13533
221
2
16
1
7
3
50000
143
2
50000
39
15
16
50000
50001
50000
7684
93
1
87
4912
2
1
3668
4
303
50000
50001
1
1
5148
26336
6
1124
236
252
16
1
324
50000
53
50000
50000
19
9
24
530
50001
2905
37990
6
1
16
50000
680
50001
50000
9240
3
50000
36
4028
50001
1860
50000
50000
2
50000
8
17
4944
3120
50000
46
50000
5
366
70
50000
50000
6861
1150
1
5
50000
5910
50001
50000
24
50000
40252
50000
50000
1
1138
20452
449
18083
310
50000
9
198
346
10
1
50000
50001
447
3
1
50000
2
50000
50001
42044
2
1
4
925
4785
8
50000
5
27383
22301
205
2
3136
133
23
172
8
50001
1391
50000
54
12
50000
50001
929
277
50000
29
50001
18401
50001
1412
533
50000
2000
5
2
1
2
12
3272
1
50001
4
37
79
2
23
1
50000
50000
50000
1389
50001
1
50001
2
5
5837
1261
50000
50
2
50001
1
241
19
12
1
76
50001
50001
1495
1
50001
12
92
2374
49
50000
50000
3
9357
3
50001
5
50001
1
479
50000
1
50000
2
5
50000
67
12481
1
50001
784
2
1
30
3
50000
50001
3
20
2
105
3
29527
69
1
50000
331
9106
50001
1
50000
4
3
36
50000
2
1
50000
17
4
1
32
50000
4
1
902
1859
1
1
1
50000
50000
50000
50000
50001
7
1
4
3
12
3
56
2
1265
7429
50000
64
23078
50000
1
50001
50000
182
50000
50000
3
4
1
96
38
34
48327
1
50000
50000
50000
15
8620
1
50000
2
7
3
1
45320
2
77
1
6
1
331
50000
177
11160
4
1
19903
31
50001
2
99
11
5
44344
50000
1
50000
20471
25
3
50001
153
6240
12
25
50000
50000
50000
1
64
163
50000
73
49065
50000
1
1
26
1
828
50000
50000
2
11
19
12
18
50000
50000
50001
50000
50000
60
50000
50000
529
1
50001
50000
50001
3
1
50000
1
50000
1
119
1
3
1
1
4
28
11
38
68
50000
1
9
50001
122
1
50000
50001
40
1
29457
4
186
2
294
50000
50000
50000
50001
18
158
17
1791
12
37
50000
32
25
50001
8
9618
10
50000
9
33480
2
1
69
1
29
2
2
50000
50000
5
1
1
1
145
5
13
22
12
99
453
1
6
1
1101
22
269
46210
5
5
9
450
2416
297
40
50000
301
344
50001
319
1
9
930
50000
1
50000
106
50000
50000
696
50000
1
2481
62
5
6
5
33
2
9234
50000
50000
449
83
1
50000
50000
5568
50000
11
50000
1
50000
2832
2
10
50001
15224
2940
389
2800
1
7
5534
50000
50000
6957
50001
8430
5623
50000
119
1
48846
3
1
50000
1
3
50000
1
50000
188
50000
1
50001
403
10
50000
50000
2128
50000
50001
658
501
50001
21
22391
67
50000
202
6711
50001
50000
5254
50000
2546
1
45
2
50000
86
50000
2
50000
50000
659
18
19
8
382
50000
87
50000
79
2590
50000
1
50000
1
50001
50000
50001
9
1
50000
50000
15
50000
24
50000
50000
43028
50001
26
5
177
6
50001
17
2
1
50001
1
50000
18
1
50000
50000
989
2
2
7411
1218
645
141
50000
1
55
10
1
1
1
50000
50001
1
131
1
50000
1
1
2
4
1
6
71
121
1
50000
4
1
5
33
50001
19176
1
50001
14
50001
86
49
50001
1
335
68
3635
30
50000
17196
50000
1
5390
50001
5
50000
4
5
1
50000
1
1932
1
20947
103
50000
33
133
11
82
9
50000
50000
36
50000
50000
126
137
1441
3
1
2112
51
3
1
360
50000
53
2
531
50001
2
50000
1
683
3
1
4
2
1
27
139
18872
18
277
27
50001
8
45
3
16
50001
31
21950
4
29240
13598
699
30
5
50000
4
2
50000
8
2
50000
48
23784
85
7024
2
50000
2
10
50000
261
2
50000
36715
7
8
5
1
50000
50000
50000
2
3
1
50000
1
1
50001
50000
50000
50001
50000
50000
50000
2
1
50000
3
443
90
18
1
50001
63
849
50000
36003
89
50001
50001
50000
50000
313
1
2
2
50000
841
122
3
50000
2
21
10
166
50000
50000
12
50000
46
2
16
648
998
50000
50000
1
2
50000
2
14
438
10
50000
50000
50001
3
59
50000
7
3624
13
1
50001
1
42
1
50000
50000
50000
15
4668
50000
176
3884
50000
4
505
31
3155
79
127
1
3
50001
2
28
126
1
1152
78
1
3223
50000
50000
11720
1894
4
17
50000
358
50000
80
1187
1
228
250
50000
50000
56
2
9
6
50000
1
50000
19157
1
12904
4
1
50001
50001
50001
1687
18
2
1
2
5
1
3133
40
609
6
19
368
2
50001
9425
50000
1
1
50000
1
21
1
106
50000
50000
50000
18
2
50001
697
37
1
1
4
2
3054
50000
1
50001
1396
1
24
2
2
1
50000
50000
8205
1
4
50001
1
1
2
50001
532
1
2
2
12
51
3
41
35
50001
1
29
4
2401
50000
2
3
3241
50000
50001
2
480
8
136
9101
2
9946
50000
19
10
50001
50000
50000
33381
5
1
2
35198
30938
1
50000
50001
8533
22555
37
49
55
50000
50000
1
121
3
4
50000
653
422
31
1837
50000
1
8
50000
37
482
342
50000
50000
2248
19
186
268
8074
5
50000
9134
50000
50000
1
50000
50001
50000
183
31
3
282
50000
50001
50000
50001
19602
50000
947
2
166
1
50001
50000
27
50001
8475
50001
4
4
159
14
4
1
40
50001
1
7
50000
50000
1474
50000
180
50001
50000
1
50000
50001
4
50000
117
50000
1
193
960
50000
363
3
1
2
458
50000
8629
730
1
5
415
50001
462
50000
28974
108
23741
174
1
50000
50000
29
235
47
19016
50000
5
50000
1088
50000
3
50000
530
3
75
207
11491
45
50001
6
1
50000
50001
7319
51
1
230
17541
50000
50000
50000
50000
2641
1
50000
63
50000
50000
50000
50000
2
1
50001
50001
1
50001
2
50000
50000
4760
27
50000
8
50000
3
9
1646
1
370
24
38
44
50001
31815
50000
1
50000
12
218
3
50000
968
569
1
50001
1548
1
1
1
1
640
1
8
50000
50000
21
1
50000
103
50000
2
13
559
1
10
3
460
19
1
6
9
50000
3079
13
2
32
50001
4
19406
1
5
921
4
50001
50000
1
300
50000
16147
9304
3
1
13056
81
50000
50000
50000
2288
4
10714
50000
1
8
1
8282
1
5
575
1
6223
50001
3
10
7608
1
25
5
69
3
50000
1493
1
70
8
30689
50001
1213
50001
974
1
6
1
344
11
43
12186
50000
1
4
1
50000
675
1
2671
43
6368
6686
37
50000
1
1
50000
1747
50001
6
50000
1
115
19
49
199
4
38
50001
50000
8549
1
10
1
2
4631
50001
131
50000
50000
255
5
147
1
50000
3927
1
50000
50001
3
22405
1467
9
1
2
21
106
50000
2
50000
52
4716
2
843
1157
4406
69
39612
50000
6
627
50001
36
1176
50000
50000
2
17786
4
1
191
11592
4
2
6239
50000
1
11
161
3907
50000
50000
18
50000
825
9
1
50000
6789
17
1
8200
1
360
50000
29
5
50000
50001
4
50000
2
1
8695
50000
50000
5488
574
5
2
1
38
50000
110
50000
50000
50000
50000
6110
50000
50000
254
1
11994
20203
50000
1
13
6
50000
5
2
1
4
8458
1
353
50000
50000
50001
2116
50000
36
50000
11
3
50001
50000
658
50001
1
1
56
50000
50000
1
50000
13
8
62
15755
50001
2
1
9
2
137
9
50000
11
21
50001
113
362
695
5
28
2
31
4
57
50000
2
28
50001
50001
6
22723
10
18
685
159
14
71
2
5
1
50000
3
50000
695
50000
50000
50000
1423
50000
50000
50000
2
1
662
4
1
50000
88
853
50000
4024
50000
1
3858
7
1636
50000
240
50000
5
50000
51
50000
1
50000
29
70
50001
7
111
50000
2902
20
50000
5692
291
50001
643
1341
17776
50000
1
17564
66
698
27
29
69
1
1
50000
3
50000
50000
3
16
3
19
50000
50001
10
125
40
50000
50000
5
11
50000
5
212
50000
50001
89
50000
50000
15994
596
25732
1
86
229
1107
1
86
50000
68
50000
50000
4
24586
1
46358
121
50001
50000
11
2
66
2
1
2
19
1
50000
2
50001
507
4
18
50000
28
486
50000
15
4
40
24
50000
50000
1
147
3374
50000
50001
18
35
996
277
3
1
1
50000
22721
50001
22
50000
164
453
50000
49
1657
146
7143
50000
50000
50000
4726
16
3
50000
38
56
6849
46
179
50001
76
1
1
50001
50000
1
26
1
137
50000
8
1
21
32
354
50000
46
40175
50000
2
1
48
50000
59
3
2
6
1
1
50000
55
50000
50000
50000
50000
54
1
1
1
50001
42372
50001
625
2615
67
20
21182
50000
24172
3
31537
2
15119
1
1326
50001
1
50000
50000
579
50001
2
50000
50001
1
1926
50000
307
5954
50000
50001
8
50000
50000
29819
1
3
50000
50001
50000
50000
50000
50001
211
50000
1
50000
2
2
1602
3
172
50000
89
50001
1
938
2
50000
1
50000
4
50000
64
8830
1145
4473
50000
49
4
50000
38
756
50001
50000
6
50000
7
2
10
4
50001
50000
19941
48
1
27710
50000
39
4999
50000
12363
50000
3826
35
1732
31
50001
50000
50000
7263
204
8975
361
2
6
2
50000
2
42
12
4
2
9247
18
172
15
50001
10
3
11
50000
50000
244
50000
25344
289
569
1428
5
11100
1
12
179
19
3
20
10
2
50000
3
7392
50000
50000
1
1849
50001
49569
50000
50000
119
123
4
3
1776
5246
232
1
1074
5952
519
1
2
3
1
1
50000
9
1
50000
50000
459
88
50000
2
2
1
8
9
27
31
2705
56
4
26
193
6
50000
12
1
4
1
11
1
1
1734
13538
1
64
1
5
224
14
20
1163
1
79
1
4423
50000
10
12
2
33
396
20088
4
318
19108
50000
9961
50000
50000
50000
61
2
1
2
1
50000
50001
3023
10
50000
50000
4
993
50000
26
47
50000
315
145
131
50000
56
50000
50000
50000
4
343
14220
3
22
50001
50000
11
1
50000
1
14
50000
111
50000
50000
6022
192
50000
1
28738
3775
1
50001
27
2699
886
145
50001
246
11
50000
3
48351
1
50000
200
50000
912
1
1
24
1715
50001
50000
20
50000
20
2
1
12
170
27517
3113
1
90
22
3
50000
6
20451
8
13016
1969
12
50001
1
50000
1647
1
50000
50000
299
270
69
10
1
1413
1702
17228
2
1
1
2
6
113
2221
2
50000
2
7
450
3
50001
3
1
4
1
10
50000
50000
50000
2151
4136
1045
50000
46
1
3
2
19
2
490
50000
1600
204
7
1
30
3
1
2
368
50000
3
50000
50001
50000
1
50000
5
50000
50001
14
50001
50000
1
4
1
203
1
50000
50000
2484
50000
1963
2588
7
53
1
13
1
81
1
20
50000
1
1120
2
9211
50000
1
2072
50000
133
33
1812
50000
2533
16
56
24
372
302
50000
50000
50000
50000
20
50000
3659
68
50000
50000
3
15128
380
4
25323
1
77
1
50000
668
50000
1
103
50000
2
50001
1
5
50000
2
1
50001
50000
11
2
50001
50000
1
940
13
1
1
50001
1552
50000
1986
1
50000
50000
151
10
50001
4
50001
50000
1
5
80
1208
50000
50000
4
148
273
35
21
4
4419
50000
3986
1
50000
226
256
3794
238
803
50000
3588
1
23870
17
48
2
2263
1174
26476
10
17
1
363
1471
49123
22922
29
1371
5
50000
2
24
2253
50001
50000
12
50000
93
40
20129
42208
1
1
1821
5144
1
110
32619
50001
2041
3
2
295
169
50000
1
1
1
110
10
23
50000
14
50000
187
1
29
50001
50000
50000
17
3
1
50000
14
5
9901
392
316
50000
1
18903
50000
25
50000
148
28
50000
50001
1
39
1557
50001
50000
2541
10062
208
22
1
13
1
1
465
21
1368
1186
1
2033
50000
1
28
9
213
6
4480
16
1291
50000
2217
1
14
7883
50000
1
1
35
13
982
44194
112
50000
1
128
50000
1
5
50000
1
50000
1
26
6
61
267
8
50000
4
2
36
10
9
13
13
3
50000
15
1
50000
1
232
2
1
50000
19
9
50000
708
661
1496
14
1
6
2536
50000
299
4706
23192
1
2
6510
50000
50000
5
50000
5
557
6
23
50001
5
76
1
2588
50001
223
4
35
50000
84
15119
50000
590
50000
8
11
50000
23
1
3
107
5
177
38071
31
461
156
50000
463
77
1644
2
1
50001
2
1
50000
2
2
435
13
22
9
2
36219
9
50000
50000
3
44
1
50000
50000
50000
387
1
50000
4
5357
12
2700
14508
522
1
50000
50000
50
50000
50000
1
50000
13
50000
1074
55
1
59
50000
1
27
8
35
7
2
50000
50000
50001
50000
74
7
50000
1
19414
1
14
1
37
16
2
3
30654
50000
1
4
50001
50000
50001
50000
50000
50001
71
50000
1
137
2
42
2
50000
50000
1
2
3
7030
31
8
3
50000
13
7254
13
2
23
55
50000
51
50000
1
72
7
50000
50001
15
117
2232
2
614
50000
47
5578
52
22
1076
1
1
38
50000
57
50000
270
13
1
4
7
1
4
50001
1
11835
579
50000
13
50000
174
2
50000
193
50000
3
50000
34050
3
93
1
2
50001
50000
50000
3
50000
1902
8732
50001
1
19
53
14
50000
2
1
8
1691
1
80
17463
2
28
9
1
6
174
8518
1
50001
487
43
1
2
9
127
8
50000
1
1038
72
2
50001
3
1
50001
2
27
50000
50001
50000
50000
3
1
59
50000
134
4
1
3
833
8
365
50000
24
2883
50001
50001
3
30
50001
4
50000
50001
50001
50000
1
153
36
77
16
50000
652
9
50001
6
