50000
40054
1
5836
238
50000
50000
45
50000
2938
419
1
109
23094
1455
50000
39477
173
50000
15592
7
126
50001
30737
50000
7370
9146
30485
1
1404
14937
327
10405
1042
2387
11
36125
1
10180
50000
8
3
4364
42715
50000
12028
32
1
1
12363
2751
50001
203
10
24
50000
1
42888
25477
17728
1
50000
1
2435
42
5178
23386
34320
10
412
4838
3
50000
3
3
285
518
50000
510
1
24526
1662
755
50000
93
29822
6360
1287
50001
40203
46804
50001
1
50000
6296
1
1
50001
29283
6536
51
3161
25
9885
27394
50001
3
3735
5052
50001
19328
1645
15
50000
1
5
1
21
6
18596
27191
50000
2724
1
2
5540
8
1129
50000
4366
12020
50000
50000
1487
5
2425
43
579
50000
12270
50001
5338
13720
16806
1
994
7881
50000
5
31847
20192
2
4773
30565
174
50001
154
29916
62
11723
1
18877
149
33
50001
38570
2993
10753
18
50001
1529
13795
1
50000
25
50000
886
529
739
50000
524
24
50000
18
36704
4317
37666
1341
6
1
676
37585
1677
171
20893
1
31
17068
1000
111
42578
840
44927
21238
8293
1
19140
50000
50000
29448
15653
4
33151
25645
8178
2726
50000
6710
13809
17912
16736
2282
50001
1
1
969
1
17
1
136
50000
50000
92
50001
36788
21085
50001
50000
39
62
50000
4919
1
11
20
778
50000
358
5137
50001
7
27
50001
50001
7958
23
12
7609
15531
50001
50000
37
526
50000
685
50000
1
2929
23366
6146
1
162
6
14
8505
18187
12846
50001
4
2
5
25859
9
2792
11
50001
12277
138
50000
49943
16742
50000
38923
1
3021
49830
153
1
50000
8
3
1
50000
36948
50000
18416
1
2778
1
23
20335
50000
29394
37022
50000
50001
5
40845
50001
50001
6791
43044
570
50000
1
13112
27730
676
50000
50000
24144
50000
5736
48265
10
50000
5881
50001
102
32536
50000
42517
126
50000
50000
400
1
6704
969
5
1
3981
3544
3335
39852
2139
21328
50000
22953
3
50001
459
50000
1312
50000
1276
206
38
11763
14
11
441
18
16258
1
903
6349
50001
108
2
50000
15
79
50000
50000
50001
338
4
1
27618
50000
1
12
18375
1
36
22
9
7597
47
144
50000
148
11804
32535
43202
7286
7
50000
1
3
275
1
50000
50001
25215
282
1300
990
4385
143
10552
2
50001
1568
407
50000
10493
9992
682
743
22177
46
1001
50000
3257
26
49881
50000
331
71
50000
8076
50000
50000
50000
22410
50000
1
4393
50000
2
804
23
25662
19
50000
2634
34811
50000
6796
50001
50001
18
50001
138
50000
50001
50001
50000
611
50001
6
2
1530
19550
27
50001
2468
2
213
3474
4
11592
2
1
2
35
15
10874
661
1
371
50001
28766
3
50000
5511
23744
5
26600
2
10205
50001
1
13
32661
1
50000
50000
8385
7786
50001
7241
18207
50000
14864
346
147
3343
50000
3963
1
50000
26153
50000
3882
2808
11085
50001
1403
117
266
2933
1609
8
3822
16
9
26464
50000
13364
75
33
27
50001
1917
5767
16792
1
50000
50000
1
50000
3
3
6
45046
4
4684
7
20
6
1
50000
2348
36720
21289
164
5738
50000
33833
8178
38
50000
31094
10199
13865
694
50000
1924
540
35780
1549
1165
13122
24
9238
1
34314
903
9732
86
25
6561
2
3
2
50000
12437
343
49
50000
1
1
50000
4864
42039
202
41530
2230
50000
50000
1
5
72
36578
21903
76
1397
1069
385
709
1741
50000
25559
50000
17
22572
46786
2
33214
50000
17743
50000
7836
31111
19273
2195
4
50000
30
1711
35828
50000
50000
50000
50000
30803
50001
8965
50001
19628
68
50001
50000
5852
86
50000
44152
50000
50000
345
19
34
16245
84
80
945
6808
2
682
3887
225
17190
1402
2012
5696
31
33292
29913
18672
50000
937
46902
50000
28
25
4
50000
4
160
6774
50001
50001
64
2
1
3
4584
4
4
50000
5
3589
1989
18167
50000
50000
74
50001
21
50000
50001
10
22367
50000
21032
50001
121
50
50000
7810
50000
228
120
3
45515
182
11
8
50000
11810
2102
5440
37293
31914
413
50000
28
39860
3
50000
337
4878
50000
50000
1668
4390
392
13863
1892
32717
50000
1
21068
154
5
17695
50000
50001
11806
48422
50000
12243
2737
29545
1868
15249
4550
3058
50000
50000
23126
4
33398
2
50000
50001
50000
3
30905
1282
11591
1
329
15261
38082
2
24506
281
4
7465
135
50000
39370
42743
22
599
25866
50000
2
3365
20236
68
3
50000
11768
9224
1
1
1833
16277
2038
3
2
439
2464
50000
1742
13901
13969
1
50001
36
12518
8100
50000
20724
6920
321
56
50000
134
1200
1001
8523
398
8
262
50000
959
6962
3229
3386
50000
2
50000
50000
97
994
50001
82
1
40092
50000
48247
4
4191
50001
12
9299
1
15334
50001
1
50000
169
3
5
151
1905
50001
1
4728
1
1
20904
1534
162
9
50000
1
50001
1
85
4636
31749
4531
50000
1
15
1
2
38215
4
38776
13637
59
3424
50000
5
50000
1814
40172
50000
50000
50000
17
2
18900
13382
116
50000
3024
48324
50000
1039
39719
7678
50000
13532
7742
17687
45636
2
3397
287
106
44667
50000
19
50000
47075
7640
50000
2
18
1857
50001
133
1
1257
1
19900
4905
41981
24240
35692
11310
36504
3
236
27549
20358
13
298
50000
1
8907
7086
4122
100
2720
5
50000
50001
9286
11817
50000
1
4
27192
56
11920
1
507
1
21064
78
50000
28
50000
6439
31794
238
5394
42988
1
2
595
50000
50001
3
13
547
14169
8190
2097
5616
50000
50000
2036
3025
3
50000
50000
70
6352
50001
50000
41828
990
50001
1617
28939
50001
1232
1
1
1198
19
31165
31309
1
2
50001
13
1
2
50000
50000
50000
47686
50000
968
32208
2557
20
11292
12272
2870
1
50000
3466
27758
207
3
11
11831
52
1949
13
22
5273
66
63
25335
6
1733
447
1
63
1468
27311
3598
42
7492
50000
4
50001
6233
29675
50001
2
50000
4288
465
2819
964
36
940
16501
43
50000
15264
1740
1771
50000
58
13460
50000
50000
149
148
956
6005
50000
2
142
5
1
4
50000
663
7847
94
31
1
5181
41640
50000
192
9409
50000
50000
50000
1678
50000
50000
4428
32941
11035
50000
9
33996
298
1
17029
459
103
2672
23284
2636
6467
9128
5
19841
5745
2
44680
50000
4218
1363
50001
1
75
26874
1045
3
24
71
50000
2
3724
50000
673
16
1
33
1652
427
43
50001
6889
2230
1900
8443
1783
12
16340
39564
22
1
27122
412
50000
21983
50000
216
6380
1
64
1242
50001
44
6917
1
34563
189
1
50000
6875
34
912
6
24751
2
1
50000
50000
1554
3220
5754
9
29847
3279
5086
2835
16744
5722
50000
2562
16043
50000
14
3
88
508
1394
7250
9232
24060
50001
16
414
49
9
47072
10247
8165
2
1
1
3307
5
32
16273
41032
33
1
50001
104
9231
45452
3788
1
50000
11467
1433
4669
319
50000
50000
50000
13
9120
2
3639
38
50000
878
3
12
35
2
50000
8
301
1821
1
3913
421
1
29
50000
824
1118
918
6364
1
9610
25811
2386
45790
10508
12068
12394
13252
40701
1148
26
50001
50000
402
2
50000
33141
34
1
2765
4
39086
12
50000
9
156
153
6
729
2
36854
702
1
6199
1
22896
58
3808
4
434
48347
1
24
823
15985
43412
14
3052
9
4
36894
136
50000
190
292
50001
1186
1
1
31
10903
50000
18558
33183
50000
44091
32525
986
26185
508
58
32
39
50000
240
1042
23885
204
50000
1
2
9
50000
6255
89
7247
34
4290
4395
515
1
3085
44440
254
6261
31549
17501
50000
1
73
7037
782
134
14
227
50001
50000
50000
3
31432
202
50000
50000
21677
44
1
50000
6352
50000
50001
7189
5
8
415
36835
50000
138
39791
50000
34451
7
50000
50000
92
38
12
9
50000
50000
50000
3
7787
358
1
6
26
2
6
3
5357
6563
1
50000
5
1
16
1694
50000
34
50001
1
35396
276
27
1770
14
772
155
21296
47389
1
3657
516
47566
76
1967
50000
181
171
50000
1
56
17677
24683
37070
2
398
50000
50000
50000
30783
1214
38873
2
50000
50000
11558
50000
64
50001
1
18860
38305
42845
3745
10655
3
30
50000
19210
131
50001
2
37484
3717
50001
50000
3061
66
9846
50001
3497
48
941
16215
1795
12081
41013
132
711
49558
71
1456
11
13462
2099
10403
50000
1
536
1024
2
171
3
36
14542
8970
1
651
46
19185
50000
151
1380
1
8
375
565
50001
50000
1
1
50000
56
18
50000
17482
495
7142
50000
10246
50001
29
2
34
1
50000
434
22
3546
32
1423
11705
26060
50000
6
9
2022
1676
31006
9142
50000
13
29876
59
5146
2
128
15244
9647
18957
50001
72
50000
1693
11555
49
50000
1
29423
41279
1761
1
1
962
40
1042
50001
50000
50000
96
50000
8
50000
50000
50001
17469
2771
23232
17537
14913
675
5
2
39
4747
6
50001
3975
435
1
304
50001
50000
326
50000
22921
14447
23831
19776
1721
4
13
24
118
50000
41
50000
6867
50000
50000
50000
76
21184
15474
50001
29781
13792
3336
687
13
50000
19351
50000
1
15
22
17101
4
18
50000
50000
217
41
50000
50000
2020
19
28760
4
2442
2227
50000
50000
69
41177
12190
13437
4418
43
1
41
8628
2
726
50000
5
49836
14599
106
4326
50000
39
567
50001
4
50001
27013
2
47099
149
18
35882
2
42625
50000
9950
5025
76
50000
519
1
50001
50001
1892
446
28493
50000
50000
50000
15976
59
4628
50000
35264
50001
1
2419
90
25754
18077
60
7
39503
1
49844
1437
1316
46942
2311
24
28463
50000
13549
171
17592
2384
50000
19
12
44868
50000
15993
12355
19392
4
172
50000
23656
29
21
33600
1
546
33546
4848
50000
50001
172
1705
582
50000
2
1
50000
35
321
2
383
35773
440
32915
16079
50000
96
50000
50001
76
1903
7440
50001
1
2
50000
50000
50000
4801
20
50000
29056
50000
50000
1352
2284
50000
805
50000
50000
10
1
1
50000
28299
7163
50000
4
50001
9
47815
50000
482
7396
50000
1
13506
29729
916
31959
1251
2055
41997
968
50000
1
50000
40071
50000
50000
31200
50000
50000
385
50001
50000
1
2
6776
50000
2843
6996
758
2
34111
48848
1599
1
32
48252
1
173
5
183
50001
18
50000
9147
7
3207
40
3312
50000
18268
11761
50001
11089
50000
15590
99
10807
47070
1636
20422
37713
50000
50001
7401
69
219
7646
50000
29107
25923
50001
50001
50000
1
22276
1
5252
24
50000
50
4258
2373
29
23268
317
539
50001
1
50000
80
250
50000
127
1
24855
87
1
50000
3
14705
99
79
50000
28419
45
2
2
15019
50000
50001
67
5
41
1
50000
1236
1
50001
50000
75
1
65
5923
5
1374
10340
337
28716
50000
662
3039
9
50000
37118
50000
23759
16
8
6941
15
7073
11099
124
2
12822
50000
12618
7166
50000
21058
50001
17533
732
50000
28512
8513
11
29864
25300
39025
50000
50000
693
3
408
50000
8839
40
50000
602
6
1824
1
50000
34928
373
2
11146
1
6239
1772
25
50000
219
50000
50000
127
14936
6163
1916
3283
50000
6215
19365
1843
232
1
50001
50000
1
43
409
9
462
4
2956
83
12826
970
3459
6
573
241
186
14584
34
8191
302
27306
50000
2
149
50000
50000
32748
2
14048
337
7
14
50000
7459
10
442
9
23615
50000
50000
1849
7
19
50000
6
50000
6816
50000
1686
6430
25740
8
50000
3387
30948
1527
5568
11279
2
35
3897
50000
48
44412
2379
48652
23
39
1
1031
12894
142
10
373
5
9961
50000
16805
42754
7917
113
57
302
18
50000
50000
361
2
1861
152
43604
102
512
28
1043
4
23789
12902
2351
1
1408
27499
5365
12401
2897
44984
726
45721
50000
50000
48065
8
50000
12
26265
50000
19877
10640
1004
50000
43
5327
50000
3359
2
42128
50000
3691
2999
819
15
20
50001
50001
1
6
6827
27
4
44
50000
50000
6226
5
2
37365
32
9183
1210
2
866
50000
10
27396
6175
13840
10129
50001
1
442
1235
19211
15994
2
50000
37
6623
16410
46498
50000
154
32977
50000
54
69
50000
20358
1
50000
2867
2298
1
4164
50000
1473
183
4542
50000
23667
5481
7
26992
50000
102
1
50000
147
12
12089
20788
16
1554
34494
3
1701
1293
14
1128
19304
8421
3199
50000
16
8
8823
4
4
50000
3498
50000
1155
6
50000
11
5443
19013
50001
3584
191
23577
21194
12
611
50000
9
31
50000
718
982
50000
37303
38997
50001
7
34965
60
194
133
6
40352
50001
755
732
915
2
46465
50001
2979
31
4
50000
2246
26851
2
50000
8
26462
50000
23
16518
6170
9320
15492
1127
1199
50000
1311
2212
50000
141
50001
18879
17453
1139
50001
494
3527
22589
1796
614
10094
50000
5551
50000
50001
50000
50000
50000
2266
34925
50000
1
1
9
19
12665
5287
13728
2505
50000
50000
50000
151
50000
29662
1
8679
9716
30375
979
17112
4080
45802
1
21685
47
2
50000
48702
1626
50000
21348
15300
50000
50001
5
10468
68
21738
50000
50001
50000
1
14692
18
1
3
36945
46435
2363
50000
36045
22694
122
1
50000
50001
631
12521
16981
3
23901
114
4
50000
903
1
462
1027
30372
32
2461
2123
23834
2296
50000
86
185
6
37
1
3
61
1157
28
6238
38589
1
50001
3
3
4
37844
5
2034
2
6
14324
1568
50000
3
20
462
1976
50001
43310
24
12
197
11668
140
50000
1
5990
116
35516
1179
50000
196
3095
1273
50000
50000
50000
315
1
43
8431
627
1
48282
2
24
10
50000
3837
17179
21411
82
5262
50000
148
5834
1
11459
28
50000
50000
3
1055
50000
50000
50000
50001
50000
50000
50000
1182
50000
2
4
83
522
600
13886
50001
2101
79
50000
69
3635
3902
15924
50000
47844
214
13691
50001
1520
137
11448
210
50000
2218
304
4
50001
67
12731
1
170
1
50000
55
2821
5
50000
40
767
50000
1
50000
50000
11842
2087
50000
51
45870
8
1
38032
19163
47655
1
45634
18330
50000
4
5
50000
17961
1
14
451
50000
9366
6373
50000
16689
36740
2
2202
143
2
165
50000
2181
741
9
53
12354
50000
132
19
50000
17738
4
50000
44430
23
1345
103
4267
1
5875
261
310
50000
50001
59
50000
50001
3
50000
49340
13116
7639
50000
41378
7503
5442
935
31
2199
3
50000
50000
34
50000
3
6
50000
19391
1
1140
405
50000
50000
21
6156
1477
23546
2373
446
20
50001
50001
50000
238
1263
3
8
50000
129
27566
5441
50000
4424
13894
37
2644
50000
1
50000
51
16
1
110
50000
443
15250
742
30
1
1769
415
19263
150
55
40272
1
1910
727
20
50001
9
2280
3781
1
50000
22836
1
5112
50000
193
8045
1
29215
2
50000
50000
50000
206
50000
14278
50001
11
8580
6811
1
77
46162
50000
8
50001
1
301
6
40923
21
7129
654
211
2714
50000
23534
128
50000
2114
50000
3
50000
38185
164
69
277
22024
12
26269
50000
2
5469
1304
1
4
50000
15822
50000
1
32927
1
841
8
50000
28325
1
3782
1
11491
50000
34312
138
50000
14524
3613
45564
50000
11
50001
963
185
2
50000
10445
48403
39684
50000
276
1497
6255
50000
7323
50001
13917
21302
5
1321
17615
35659
591
50000
1
4513
58
50000
50000
34065
1
11
4
12
182
50000
1466
17
50000
50000
15972
50000
2189
1098
21644
7831
50001
373
1
50001
28585
20290
2670
50000
8259
50001
115
1798
19225
206
7980
50001
46511
5166
1179
40
11409
726
50000
57
155
7464
43
43084
6
193
9
40595
50000
1200
30
19
6
100
50001
51
11705
12852
1
32
184
50001
16
50000
50000
12
10
4538
1026
55
1
28
12515
50000
37
3093
99
50000
1
29
22
31713
50000
98
35618
2
1023
50000
8642
50000
50000
5780
50001
6609
50000
32
50000
8
50000
2512
50000
1420
50000
4253
1
26832
131
84
18047
249
42461
10394
1203
1
68
47439
12
46
349
50000
5589
38
50000
50001
260
50001
6965
40868
50000
20248
6453
142
6393
562
36
1
4
50000
50000
34
7945
1569
15
5
50000
50000
7
1
5
30944
50000
1
9519
24221
50000
5
50000
680
57
165
6446
14991
8
50000
10
16
39800
50000
6437
11108
423
9
1
10557
260
113
17089
50000
31812
2
19
1
47
30
1
733
82
3103
81
2966
25
1
318
1
136
1037
12
999
4130
25747
50000
79
105
686
218
50000
50000
1
5349
11524
17232
254
25343
19
3
3817
50000
50001
50001
30920
8685
10378
50000
470
8326
50000
50001
33228
47965
907
50000
44124
50000
5151
40059
47781
623
50000
443
27502
21043
3
50000
27472
3
25
50000
3770
37
50000
1
50000
2035
1279
50000
50001
50000
50001
3386
1892
3787
50000
50001
166
50001
24179
19
50001
4
50000
1739
417
50000
132
39329
186
50001
12310
40
9298
7
812
48594
11342
8150
50000
50000
5577
7996
337
31111
14210
50000
35775
14326
4196
3965
50000
50000
6
150
71
2
38331
50000
2287
35
25
15651
50001
50000
4
50000
50000
4817
17
50000
29553
6
209
33650
8
128
6255
775
124
147
50000
25075
19
1327
22146
1
3
36
6665
50000
1
920
50000
50000
40
62
28
774
50000
259
1042
50000
1
7428
60
50000
39420
11384
1
50000
111
48154
9
16
6
50001
4
16542
22
5
50000
1233
50000
50000
1581
20300
4
688
25
50000
1287
3302
1105
4
1
6457
50000
17898
22
50000
25225
19603
34
4357
22460
32685
768
50000
1752
3
50000
39164
18190
766
238
50
5253
42294
9840
188
76
25469
17224
50000
22770
18
216
2147
31163
23680
44311
9168
1
50000
6788
15
25917
50001
50000
50000
40
3
50000
1
1693
961
18543
50000
47
229
19
50001
21185
50001
13449
39
3
1
1
17658
613
50000
199
1
1629
1
44961
50001
42111
50000
50000
16548
1
1051
114
10517
50000
50000
26066
26378
50000
263
6
329
50000
50000
50000
3489
50000
4263
6
5115
405
40
2957
16776
50000
204
50000
2849
50001
6
7
19171
1
2275
5446
22
16
3
42420
91
8576
50000
11107
50000
29335
418
54
50001
1247
7712
50000
17936
22239
9
45382
19
50000
50000
50000
33
381
50000
18266
1693
988
38197
50000
50000
40
44173
2733
496
583
19392
50000
50000
95
47690
36897
470
17444
50000
172
2461
65
50000
20666
50000
124
4729
7878
22
50000
28421
2
50000
35252
50000
50001
38624
8719
6382
50001
124
4
34773
50000
50000
339
19751
50001
50000
3337
1
1655
94
50000
18106
5396
29503
50000
21352
7716
1
2612
50000
1
31855
1
16
370
221
56
27
160
49970
1149
675
284
393
428
62
6
36
2670
3414
2
6255
19525
9470
5267
50000
3
37
34147
50000
2
33014
50000
28
1537
50001
37733
28926
50001
50000
50
4250
667
29
50000
12429
50001
50000
241
4
4090
50000
10
6974
23
50001
1804
10515
50000
11116
1523
5131
27
1558
2
31670
17892
1682
41883
184
50000
26080
14107
28654
5554
15
11262
373
137
36
242
19
50001
50000
100
50001
86
1
50000
50000
704
50000
10
15
128
48
50001
2
863
50001
1715
50000
95
9636
30037
3486
280
5968
13734
50000
5488
50000
9258
50000
1952
50000
1
18216
193
20060
50000
1
107
184
2177
50001
218
50000
16558
50000
60
50001
42173
50000
1
917
65
16
20436
4
50001
852
50000
50000
5738
499
50000
15801
15
1
293
1765
4610
50000
1
216
1453
6
1
161
50000
26176
63
50000
4291
20
50000
3247
9957
3
14286
52
50001
1
32209
2164
1
100
228
18
39
1450
1
36
50000
1
6319
1
61
25524
26350
19
147
1
50000
50000
3248
50000
1
7551
3300
50000
21315
50000
1198
10
9303
29
6803
20
24667
1883
50000
50000
6916
42
26672
32331
5977
15909
700
24819
509
26702
50000
9806
50000
31
1
16167
16487
48174
8
50000
108
1552
47172
641
40
50000
13296
50000
2
50000
5431
45201
50000
58
7214
50000
7224
20941
50000
36791
1
32342
21
304
36978
21
27251
4042
427
50000
50000
50000
371
10265
50000
51
8497
7
21712
3200
5472
10
10628
1038
50000
50000
71
321
50000
2709
11020
324
1
5
1
21
4
50000
48755
45
12663
50000
3842
224
50001
27399
9784
13
253
19838
10
11
4
13
118
50000
3
1
50000
2938
33
50000
50000
26
9095
34536
50000
1
3588
33639
1
12
50001
5
16
2
11780
1
25955
32677
1
50000
50000
50000
20769
50000
2735
50001
11
37091
266
18
2949
50001
47
50000
425
8980
50001
462
50000
334
5
2482
3573
58
50000
27008
50001
810
10
126
1419
38
50000
4138
2268
50000
50000
2820
1
5
1
1484
50000
2479
1249
50001
46
17705
117
5218
3430
6410
1
10
50000
50000
7056
50000
50000
7
373
5659
50000
44
50000
50000
1
174
6949
96
9391
18199
3862
6853
1239
50000
36
8859
9645
31
1039
50000
1178
734
101
1
4288
50000
50000
50000
392
10
17
11120
46060
50000
7
5
236
30
50000
1
50000
10
50000
17
2223
7618
3058
4339
6463
40289
2219
7502
25987
9612
50000
956
30326
38452
1
1
50000
603
1939
50000
10
6
50000
50000
5
50000
13887
50000
50000
2
30555
11
1
141
130
2354
12067
27178
5913
1
23549
5
302
50000
8823
2
45028
12711
1
26061
1
50000
50001
18381
78
19933
156
50000
50000
1646
36990
735
32965
50001
15675
50000
1654
11189
8119
1164
3
11490
6
41141
50001
1
50000
134
50000
166
50001
47
41
12644
1
5476
50000
1
1
2233
6453
18
50000
1458
1608
19
1
49902
50000
594
18
17
50000
102
50001
50000
24557
513
1
50001
6
8082
50000
1415
532
2504
50000
189
3943
14959
50001
260
50001
50001
80
20490
50001
579
14887
275
2178
37
1
49950
49507
50000
4159
50000
23742
1571
8
5125
18236
3752
50000
1
1
89
50001
50001
1329
50000
2
7
8972
19
1
1127
1
18880
25983
6
50001
1
103
3
2
666
50000
27049
7345
50000
233
4431
50000
1
25
538
70
10565
19026
5677
12751
50000
2944
1027
9303
2
3
21
1
22876
50001
9099
28
50000
50001
122
21354
50000
4
552
50001
50000
39525
343
281
4023
2
23
1
1477
1
4
3
750
467
4
9
46
50001
44
15094
50000
50000
1273
43
19
50001
855
1
24300
50001
40761
29133
11
12755
21
118
2546
20
13185
50000
19996
55
14839
50000
1
50000
307
2
17362
2341
50000
3
2835
1
4364
25895
13187
760
2
15581
50000
1248
128
40
2
3588
50000
40440
24792
28675
50000
50001
6738
6757
28
4714
7176
20502
2126
50001
50001
4334
1
50001
4872
50000
10464
44286
16533
8
4259
180
19519
6637
2525
11685
435
3961
58
5
50000
13306
2615
350
50001
8
1
243
151
584
335
50001
1531
5
18314
1
93
33454
798
375
50000
87
50001
87
12818
1
50000
50000
50000
2
8317
50000
50000
320
2
31111
15
41371
502
50001
50000
4
29499
50000
23
4
4452
92
300
252
6
981
48
52
19916
50000
8633
50000
50000
50001
868
2691
67
86
2016
781
3360
50000
27257
8649
1
2917
7856
35626
50000
47589
5030
50001
50001
4725
39383
10201
67
2
13830
50000
23349
50000
30326
693
2479
1559
50001
6322
22010
50000
259
740
49575
25
3429
343
5729
1023
37
2
1
1351
50000
4
59
19770
26
1462
50000
7360
1
178
4283
16811
50000
50000
35
23
28
1
2
23
50001
4005
2
258
9887
821
139
2794
2261
26
450
1
50000
11514
50000
1538
3
1
19
28527
2
21015
278
40
727
7252
14756
1
809
16246
8
50000
7157
602
50000
50000
50000
22183
107
2
157
1337
1
16370
16423
50000
205
1377
3
50000
84
50000
97
12
9143
82
50000
1
50000
4
3549
1
50000
3454
156
46
1188
2
50000
21787
30993
24054
5409
3141
5
8118
41862
679
24388
50000
1
15388
918
4412
1
2
48180
680
50000
6806
50000
3
20878
50000
50000
720
50000
50000
50000
534
1
1
50000
1496
19495
5
37
15165
8565
1
50000
50000
8926
1353
234
7
6
42
8367
22519
50000
135
20
50001
50001
5
746
50000
19989
47
1089
50000
3135
50000
19172
10387
2
50000
429
50000
8
7108
39208
28395
50000
25983
9
39961
2
33385
46109
21979
2008
50000
11237
50000
47603
16802
50000
9
44692
179
50000
10824
44132
153
50001
100
1095
5584
6333
18
50001
9299
758
8
50001
3
50000
1
32201
1
50001
50001
50000
16616
1
54
50000
50000
44767
89
2994
50000
496
20817
44
1219
635
50000
7
4
11
39058
2
50000
1
4
986
7980
99
127
7106
11624
17801
5
14123
11387
4
1184
91
1796
590
813
164
405
604
9375
1880
36
250
50000
8
18852
50000
148
9
6
23233
4279
42
1074
12739
242
4
44557
8620
45
3
279
1
3
2084
18588
21
1
19
12167
25841
50000
8
46925
45
46019
6
246
106
284
50000
26901
10022
1423
50000
9009
37893
8
152
50001
50000
23
14956
5673
6980
18905
563
21233
25598
1877
2031
25
50001
50000
3809
1552
3
50000
3889
50000
31956
50000
217
14473
22
29
2163
1004
34268
5
49821
2045
50000
1
191
65
5056
28352
12343
1250
18358
1812
4
48
30
2826
6
10918
163
3577
437
50001
39
50000
29862
6178
79
13337
1616
2
11264
5076
1067
11
813
1362
39573
2607
50001
442
11727
31
10
41308
50000
1235
1202
1
845
1999
22
50000
4232
50000
13
1
2074
7594
6
50001
6379
50000
8481
3888
9357
1
1
70
10
50000
7313
50000
50001
880
45449
25323
27767
4
50000
26889
27
1
4726
1
23157
29206
3
2
171
146
6949
50000
50000
124
2
26687
50000
50000
389
13081
57
50000
2601
50000
11
12
8
9254
50000
50000
8009
27562
1
230
29623
325
1
50000
50000
22
50000
22275
474
704
1125
40450
415
7109
2164
50000
4
3306
2915
1
9
89
23
267
192
516
20442
48552
5784
1
50000
50000
50000
888
10082
1
45969
127
1685
50000
33291
8
50000
5
1399
19752
4953
50000
1
4
22620
50001
1
9711
3
9670
92
157
50000
34864
81
75
50000
9069
50000
95
8097
1062
1001
1
50000
2
50000
3183
50000
12623
41
8496
2
1999
1653
456
1
24
265
522
15
91
105
50001
8196
19
5131
1689
1
1
61
2457
50000
672
35374
4
39991
49
175
9909
16083
50000
162
8
27
1
27042
26221
50001
167
50000
4
50000
6148
50000
3
50000
99
7459
48065
50000
50000
19503
50000
33
8999
26
106
11880
50000
50000
7
428
9
2137
4532
50000
50001
13
50000
32795
50000
50000
8
46788
1
21815
50000
21
5100
134
9888
50000
50000
25
1
544
50000
50000
50000
17480
3640
276
4453
167
2352
50000
50001
1241
50000
8
15336
9648
4059
206
28
3
50000
1
50001
17833
1
6709
13
9667
50000
1128
45540
50000
32535
13804
4
43
14
38287
739
13
22741
458
508
4
225
5896
3273
50001
1
50001
2
419
2841
30385
50000
50001
11
658
50000
3979
15978
6
216
5289
50000
3685
34
50001
11287
6341
1
8
5029
42479
164
32736
42250
407
2
2
33254
2
5426
50000
3
30
50000
116
17414
154
50000
1635
214
50000
13
26
1
108
1
12
3
1628
1
50000
31429
50000
10276
46330
38
50000
1
28849
2151
6837
19662
2
1391
4282
731
1
50001
34626
50000
50000
50001
10955
2
50000
50000
50001
822
50001
50000
1961
5
50000
3788
40166
7404
16489
45145
50000
9203
21
85
28
50000
523
2266
50000
53
2244
295
2489
158
53
1330
101
20676
50001
10
11237
39
50000
315
28
50001
50000
6
11847
797
50000
50000
151
1
50001
3
1
50001
2
50000
4697
29
50000
4
17244
50000
50000
1039
537
36500
7780
1744
1
50000
50000
5
134
520
105
50001
3
27521
463
50000
50001
50001
15
50000
314
50001
50000
35
50000
461
54
376
4
42
127
4292
5068
1411
5
50001
2
50000
50000
817
16
1978
1
50001
1
641
50000
127
1
26634
50000
474
15
8
1
50000
189
8
11
1
7139
1
14039
50000
50000
9048
50000
36023
39718
39
6022
179
50000
50000
31097
2
50000
1
42730
50000
50000
10
193
1927
50000
50000
50000
3528
6701
416
13672
33
50000
50000
17430
28889
50000
50001
1616
2475
32247
17837
43803
50000
8459
920
7198
18078
48060
6
235
29148
1
1
32644
1168
39908
11303
4
36410
2
50000
16
15393
387
26405
42
50000
50000
50000
1033
80
1
12845
25576
17
50001
46694
50000
5
37422
33
7
2
6
50000
1625
19896
1
37423
50000
46432
195
5
39
11
21568
540
15
13393
402
16627
13652
50000
95
61
2
666
8
1
2420
1403
50000
50000
75
450
50000
5934
50000
50001
50001
1
3
7138
50000
7894
390
2
12500
1227
89
46
1417
4
20
16687
40765
26272
3
50000
55
24372
50001
1
103
124
25
1596
28
1139
1
50001
292
10441
6543
27
29351
298
50001
5745
203
5687
50001
45656
23389
21122
50000
6
14286
50000
46
359
42723
56
50000
138
50000
1740
50000
1
14755
1546
7
26473
50000
16067
50000
30108
3
1
50000
26
1
50000
75
14327
1045
50000
50000
34
393
12
101
42
41202
36038
442
205
28
417
50000
27868
9788
16884
4349
2322
50000
1475
2765
1
50000
45818
5084
20835
2926
50000
4
558
6562
7624
1017
458
5303
164
22011
50000
50001
242
774
43
50000
50001
1486
143
2333
50000
41
50001
4
50000
294
192
1
50000
507
34914
50001
237
6
8550
50000
50000
1
4061
50000
50001
50000
865
139
22769
2132
179
2
24
50000
40
50000
88
31957
807
6625
50001
50001
21602
699
50000
3353
2071
13703
3748
3
8425
38243
1633
50000
17053
50000
6798
2615
5
11
1
232
9254
23535
5070
5849
50000
50000
35665
2
10475
1177
50000
13
11768
1
2343
2750
2
2
6599
7
50001
50001
295
189
4
1
49635
21
64
35851
50000
50000
1
42
35506
50001
94
6209
26603
7086
1
1
105
110
1
69
14545
23125
9275
130
1095
106
62
8613
30782
48559
26888
8934
4591
50001
44565
2618
50001
7
2
2
50000
50000
1
367
14
50000
748
2
710
40804
190
887
17651
1
5
50000
20
39585
21663
97
33
3077
18
3503
335
11192
50000
50000
50000
34
1624
1
1
19011
2
1
12
50000
23778
50000
50000
50000
50000
50001
741
12494
1
1601
2
43840
7371
50000
23856
50000
5
27
98
10026
21
16
8689
18
50000
810
73
1
50000
50000
2219
25237
2228
10317
2
50000
46025
16
32
50000
32722
50000
50001
50000
2384
40017
50000
3206
30032
25551
34039
50000
1
3
66
49459
13
50000
4783
5
50000
50000
2779
50000
648
50000
1
50000
2241
12
11
50000
50001
26
9581
4528
186
38526
2
35
722
1
2
50000
23393
50001
13966
9
1391
153
50000
1625
222
174
14
8
530
758
1618
50000
8696
54
50000
261
169
1
502
6
50000
7134
1
6506
1
42727
9125
50000
50000
6
18897
53
50001
18113
4660
12833
1
61
482
126
1
5
19
1
21706
2725
50000
7497
22369
50000
18841
5
72
1
17
31882
250
50000
50000
345
2
4
214
149
539
48
3288
1
2
478
50000
1
1962
18
2
16182
24
1
141
13
61
1
1206
3971
2
17
5349
1
21943
39156
11068
23310
8
50000
1498
50000
13769
1
5042
50000
2
50001
43833
11080
38459
50000
25
641
3196
5704
907
6359
14
2
1097
37966
50001
24466
9
50000
720
50000
23304
31504
50001
50000
1
455
50000
4109
47016
17430
5149
137
50000
9097
29
21517
11494
50001
50000
1
2
50000
50000
50001
50000
28770
16922
5508
19
50001
14230
403
7204
1
32
1
21440
50001
25646
50001
50000
2
50000
2662
26271
24957
93
50001
10175
50000
50000
44
17
50001
155
12
2044
1538
1
14
33737
50000
38
1
49687
407
7
3
26101
50000
50001
1
9664
78
18869
21
3879
50000
451
50001
12536
1186
8852
3
3
50000
9
50001
254
6360
50000
44028
2873
1
9210
50001
21365
1162
50001
31298
1
50000
50000
1799
1960
23
10
213
4187
208
4080
20965
50001
50001
31383
43549
50001
1368
50000
7262
351
11
2291
3
102
5847
50001
8
2502
14981
1083
38007
7
35
8487
4127
40737
42019
50000
10
4163
8809
16864
50001
2325
25945
3270
16926
5
365
50001
15
10
50000
14232
4
5
11782
21065
46245
4
6842
36493
50001
15
7661
8493
50000
2562
50000
49299
50000
50000
1028
50000
3
7064
50001
196
13725
2669
54
20
1
12431
2
10
46510
247
3
311
50001
11813
30373
21360
2197
7874
686
2210
50000
8158
1308
1752
50001
50001
50000
5
15616
452
4
46596
2511
8
1958
25079
12
1
3
26475
2847
19057
50000
22
47058
1
14
26764
205
21766
27152
30
1
50000
1
50000
50000
50000
896
445
50000
50000
50001
18334
43572
50000
16
27959
10
8988
50000
2
5826
1998
9880
50000
2
50000
281
2
46
398
50000
6264
1010
50000
8
417
125
50000
50001
3
777
13
9778
460
2
17370
31628
34430
805
50000
41344
9359
222
35143
50001
8469
50000
11
40706
16783
50000
2587
1
100
19
17596
4850
1352
1689
50001
33981
1631
267
2
50000
11
1
50000
50000
10
187
50000
1922
20282
50000
5893
38408
59
50000
50
49863
33101
2
100
1654
1283
26
1
2026
1
50001
50001
771
13664
14
10
50001
2
69
25646
50000
1679
13174
1
1026
50000
6
198
50001
50000
33846
2
25
3786
1545
50000
50000
50001
28
31
8
20820
984
12809
7078
36799
9317
1833
20150
50000
25664
44643
50001
241
2
22
47554
77
44
6739
9
16
35230
2
412
3
50000
50000
21
4574
2
866
18
50000
50000
50000
3927
43932
40297
31734
230
50000
50000
59
50000
50000
2689
1
13528
9015
50001
45561
1
19875
50000
7
50000
1384
50000
43655
9669
10
27652
1
1
28254
14300
50000
30325
185
19961
1
10925
3
50001
276
1587
50000
2
32356
15175
50000
31975
689
8344
4410
94
21294
50000
29086
18
50001
5204
38200
262
89
2744
442
50001
3996
12675
495
292
2627
1
5767
9363
11494
1
50000
42363
89
56
31862
271
50000
5675
50000
50001
2764
332
2
50000
50000
19326
1
1016
1
53
50000
50000
20039
467
16896
68
508
29411
4525
20598
34602
462
50000
3
50000
50000
1108
27454
1
4
50000
5
1041
2649
56
44619
21
50000
22
624
33
164
57
2
50000
3064
121
32
50
1602
1314
211
895
50000
21743
2114
28123
2012
451
24893
50000
4
50000
3037
50000
50000
19803
8693
219
574
41679
7
50000
9
2
1010
514
7020
10
20
60
17202
4898
1310
62
66
369
50000
5055
26585
2
50001
1
13641
8886
1
3457
50000
1
607
25937
34353
50000
16520
17034
54
21363
50001
50000
439
718
10
2899
50001
37
13
7
2600
50000
7
50000
50001
432
2938
15
3
50
50000
11557
3655
1
95
93
1990
47821
66
39590
130
41
1
1
137
50000
356
2
14067
12118
12
50000
12412
225
299
8339
1
944
24608
11950
50000
50000
22966
6825
4747
3242
4
50000
16869
2510
18
16
88
1413
91
22541
50000
13386
25927
50000
240
50000
50000
21936
4169
2093
3
580
11
5330
297
36001
2722
343
1922
50000
1
634
9
4405
26
2
50000
2091
15053
5
50000
50
22071
50001
32927
18505
2386
12
5411
4629
50000
7355
1617
50000
1294
50000
1
159
50001
14795
50001
50000
13980
10087
1
50000
6282
155
50000
133
15
19846
50001
1
32642
50000
23293
13753
50001
1
51
491
13805
5096
533
1
5999
50001
237
50000
39141
23238
10
574
26
2
50000
50000
1
30
318
2875
65
8
4
1
6154
8
4596
1793
2
652
2
50000
7738
50000
5066
38211
4646
734
2764
50000
27
452
19699
50000
5444
911
31
17704
480
10573
1427
25
31431
50000
10507
42
50000
1
142
1
1
24088
1370
4868
39313
1155
50000
50000
1103
27074
197
351
50000
50000
1
36199
3
36452
38
64
50001
20114
42211
891
369
4573
172
50001
36
2
25
2873
1152
50001
6
2692
6
20594
47680
6
96
4744
1
21817
353
37682
1
1194
242
107
18766
14745
6005
50000
2
50000
3903
537
1633
23274
50000
159
1
8571
50000
7
2696
50000
8
10732
50000
20645
27372
50001
17627
18963
5207
50001
31741
5508
1223
50000
1174
5
32137
2704
47503
50000
50000
406
50001
3898
28640
50000
50000
1739
50000
37171
12819
122
15684
6
4
4123
11127
50000
1410
50000
1266
19096
28111
18670
24574
10521
14449
8415
15
15051
13487
7
16
20210
12331
50000
50000
672
1
488
1
194
50001
1
63
50000
446
197
23862
87
38508
9
48285
50001
963
50001
45703
5491
39591
2398
50000
50001
2189
550
18303
28369
11
1
1217
50000
18328
43099
50001
50000
2
37707
15942
1299
9024
3487
50001
50000
50001
33930
1799
50001
32684
50000
35433
13
29
50000
28553
3953
1
23
451
8
53
50000
1336
6708
4
50001
16022
750
3984
2
164
3750
50000
17601
304
151
398
4630
30171
50000
304
50000
50000
5562
50000
501
50000
525
4
50000
134
6
26
335
22550
1175
50000
11
361
47
23
7
10
229
18671
49995
34181
7247
50000
1341
50000
50000
15107
32724
4466
50000
144
1272
13
2508
4
50000
50001
50001
289
6375
50000
50001
1
52
1663
35946
50001
21029
27
50000
1086
34
4
781
8540
50001
10996
5
8147
50000
462
97
50000
3789
348
10655
9
50000
2
50000
3251
50001
18843
26821
50001
422
17
2
10
50000
3
10702
8388
54
5347
50000
243
2
50001
50001
50000
450
50000
556
50000
26
50001
285
2
50000
9984
9
50001
441
41252
74
2
3339
374
14953
13457
5470
50000
25
38937
44
1
46794
228
42146
31115
50000
5577
2
32054
7
21555
106
107
55
42
183
7
46666
2
10096
23
2259
50000
1079
50000
50000
50001
2074
17014
2
1
420
13229
30
4248
50001
50000
10
189
20521
9987
50000
10
31118
41
7575
50000
1
50000
3845
19887
44113
1
10175
50000
1590
50000
45952
6
4661
19709
12390
4
10785
60
6106
1
2142
50000
96
551
1
74
2
1125
1043
97
7552
47
19948
807
1
4
28229
1013
1599
24
1
50001
4
33927
794
90
49730
247
5247
142
13
1
120
474
50000
13509
50000
50000
50001
50001
10211
1
69
18859
5
50000
62
867
2
2
846
1
76
16464
1
50000
10
3705
3705
12573
638
17093
38696
1298
50001
50000
2
50001
21822
21
239
1094
50001
50000
6818
10919
5990
2436
2
47
50000
23146
6
1666
50000
33
50000
22137
26641
48162
29
9312
3576
3046
13318
821
11933
8992
1
40407
61
129
383
50000
19684
580
1
50001
1910
18
47846
1
27967
50000
84
50001
8
1
119
1
339
1
94
50000
50000
24762
5
50000
72
5627
1228
288
1
50000
50000
50000
8945
19128
12366
50000
485
10
50000
32
1322
4107
3736
581
140
50000
11
1
50000
49883
3711
50000
16403
50000
50001
16669
22874
33722
20182
50000
1
50000
17
50000
128
16891
50000
314
6207
10408
1
1701
625
50000
7430
11127
39593
50001
1
1
50001
21
3667
1
667
13249
50000
10886
6
52
2072
28517
50000
13
650
1
41968
3458
50000
2769
9619
62
50000
50000
1041
34481
50000
50000
72
18
8
50000
105
2404
50000
50000
17805
22
2063
1
10774
1
46836
50000
50000
1312
5
50000
50000
13275
38200
50000
2
120
142
9732
10108
4701
3114
5022
50001
8939
120
2860
10044
762
683
31385
3500
50000
50001
5390
5251
2779
12
16859
50000
50000
6686
222
2824
50001
4
1822
1140
17
7
50000
50000
6723
192
34
44771
3292
7448
6935
163
3
2
50000
21890
1
122
3
3
7
2867
14362
50001
1
5092
11345
50000
134
16
19861
3
8
50000
50000
4176
15
50000
29
29539
50000
1153
23829
50000
7722
50000
11
1
12058
111
1
12832
2334
28099
50000
58
50001
50001
50001
62
185
1
50000
1973
608
50000
610
13
9386
9
50001
4580
41
285
8560
3814
1
1318
3049
40501
5
1844
31864
2664
153
2696
176
431
8
59
50000
3125
1
50001
4
50000
2
50000
77
43693
1
539
50000
5497
50000
3245
12
700
50000
2
4567
10
15
1204
185
7073
10354
44087
12
50000
137
47
652
50000
37755
50000
10393
214
10318
50000
50000
50000
42734
50000
1
10638
16668
1
16200
284
9788
17
50000
3
38487
50000
1
3
1
22
29282
5482
47247
2407
151
9127
50000
2
50000
2
21137
49814
50001
6720
213
26205
9
211
688
17
103
1
11
27
5928
50000
40704
75
13616
4705
50000
50000
201
6215
50000
50000
23
15751
1
145
50000
50000
891
67
50000
50000
20441
15094
40
2097
1113
30
1
55
20109
32662
32
640
14
50000
221
4738
9658
1
50000
15534
13622
50001
100
33879
9
50000
3
15143
50000
8
34495
73
28
1
50000
50001
3
82
50000
699
2
6
2
7273
8027
6470
1
64
50001
29692
5
50000
1
59
50000
50000
1277
50000
12339
681
739
22040
50000
4
567
11318
308
1
50001
880
4429
1649
2659
50000
306
50000
17429
10
18789
45045
1
42648
5753
50000
11
3
50000
56
50000
50000
50001
1796
579
27616
50000
1807
1
458
25349
7722
283
2
45992
247
50000
15984
749
4
22947
141
50000
12
50000
1
1
50000
27279
2
42321
7294
4334
112
15
48709
50000
50001
50000
34794
50000
42
3453
6376
1
49110
3125
1255
50000
1
24891
50000
34214
35103
25
50000
401
2
323
50000
220
33130
50000
50000
3049
50000
50000
50000
6
1
50000
50001
5
23801
4
4583
9
25531
1
2453
6183
1811
50000
3881
50000
39298
50000
209
42
26360
50000
50001
7
1
4
50001
50000
50000
11
4
204
5
368
1598
53
9901
50001
3203
50001
10459
50000
8959
50000
52
50000
188
8219
66
5
5768
6
5
131
50001
36956
50001
2731
2811
50000
4
20119
66
5966
50000
11
3066
1
7747
143
3254
50000
15230
11961
6053
50001
5
50000
24978
2
45514
2235
15343
401
45
50000
180
1
50000
50000
2158
31322
11052
139
191
14
9896
5
28210
50000
33286
10401
4197
2553
1
11
43822
3988
46179
57
282
13693
1
2310
1
1904
73
10590
451
9
191
455
2731
24057
446
46581
50000
50000
34
1
151
6838
46697
48647
451
2
30652
50001
50001
159
49969
21930
45024
11430
765
3
4
5715
2665
50000
50000
50000
39722
39820
46909
50000
50000
5
323
24961
22
54
1080
61
1
2535
50000
91
50000
2134
3
7216
6253
40909
12065
321
30
50000
1
160
1
1
50000
26456
75
30
48967
910
8370
203
2
36553
24541
1
42972
1
989
1056
79
50000
126
1
2
42758
6421
35710
50000
50001
2
283
3547
3464
7446
50000
96
87
50001
4
50001
50001
485
16442
1598
233
30920
50001
50001
21910
50000
3
36153
703
50000
50000
28
107
50001
50000
580
501
1
50000
17211
50000
50000
85
377
4914
686
1
50000
15377
6032
1
7059
115
31755
50
97
4
50000
3
140
7336
654
50000
12933
1
4133
48
3194
2416
50001
12889
299
1180
1259
50000
2
2
72
1
13976
1
128
358
508
1
4979
3099
50000
50000
6
50001
8028
50000
50000
6
42568
1
1306
9
50000
27879
12614
41339
41232
2314
50000
1
1220
50000
14
1
83
11962
451
50000
9
50000
17607
50000
818
1
50000
1
164
50000
74
1
108
10305
365
1
50000
50001
2
50000
50001
1912
1
2
22880
12560
396
4
8163
1
35193
8293
50001
7
1
1
34557
2292
2
50001
101
33
9732
9
16
5219
18502
49438
50001
2692
2462
33440
10
50000
3275
50000
7
18
50000
1
50000
50000
50000
4351
1
20
42513
2
16
2514
68
45316
50000
34392
4043
23360
14
5136
8947
50000
15688
8179
50000
7
995
4
33068
33531
38476
25313
546
51
5
50001
8014
632
1
1483
4040
50000
50000
258
50000
28925
56
2501
47249
4447
1
40337
6003
5140
1733
50000
7088
10
47
50000
50000
2751
50000
1
293
246
50000
491
2
50001
7
50000
50000
22220
692
50000
184
161
33359
37479
2677
733
50000
1393
1
8450
50000
50001
146
50000
24920
21
695
1
50001
1404
11
1
50000
1
10970
50000
1367
50000
3
50000
50000
2394
1
10
20124
477
50000
50000
50000
17
4336
24592
133
50001
850
216
41671
2644
50000
46543
50000
50000
50000
4826
50000
43289
50001
1
13303
2
50001
6
642
1
19897
72
18666
21736
50000
4332
3
50001
2557
50001
49491
12
18
50000
5352
408
50000
47804
50000
24
43254
13
1914
222
50000
6
14787
50000
50000
29
434
4
48
131
2
50001
50000
1
2061
50000
50000
178
52
1
1805
8
163
50001
25294
2329
20729
3
11226
8887
1
6747
1175
108
50000
30
8
54
44836
12
50001
72
2009
50001
1
6326
95
1194
2091
361
8906
61
50000
764
3842
1
50000
6088
2914
32
50000
5
768
1
24
50001
1
50000
1
50000
8
298
287
969
50000
28009
2735
820
50000
7
1
50000
103
2
339
4621
1277
3
50000
38980
49048
43589
5
14
6548
1
668
66
1
32791
4924
39673
1
50001
10270
68
1
23359
5923
23
50000
1
50000
1
10437
293
50001
33444
1681
5321
1
125
50000
1
29348
50000
1
5638
7094
1198
44633
41226
41
2435
50000
50000
3
8788
25612
953
3968
27300
50000
50000
50000
48035
2331
17
5353
30325
147
6
766
2
1637
9542
50000
1783
8598
50000
1
3
27573
11176
271
50000
1
50000
5238
119
2136
12
17118
15
1
64
6
18
50000
207
115
1
50001
1
165
20600
50000
278
2493
50000
50000
119
7311
37217
22
5581
2141
1
25330
50000
75
345
719
1
10
50000
2746
2
311
44823
35306
1
50000
50000
50000
36122
50000
8294
29367
8247
1
1
1
11932
1
2262
154
15
1032
2526
15
50000
8729
23681
1
50001
11315
50000
10
841
50000
442
3296
589
87
50000
29894
2502
16647
50000
3
2
1
50000
5
50000
42580
50000
50000
1
8856
1
1
10
50000
29
50001
50000
681
50000
62
43293
2
2381
12
50001
7
1455
50000
19263
31764
106
20401
8657
50001
11993
50000
8
26077
22067
50001
5
39
16928
50000
4
2
4
11141
1
28647
2
10668
2969
573
50001
42608
46024
2743
50000
33200
4839
5535
166
21
50000
45276
43
1
3884
131
50000
7966
50000
26
115
2
8418
162
27990
50000
1
50001
284
1329
6544
2
2245
6959
41654
1780
4535
16904
12123
23527
6376
50000
14333
14
16055
102
2451
22
3130
62
3
12060
1
151
18478
50001
1
211
15
36284
5
25
4364
50000
12
1
2701
287
50001
11
50000
45053
2
6300
50000
15
8543
50000
224
50000
50000
14
1
8295
44
106
5492
24714
12
1
4
17864
9102
2286
31831
6628
50000
8716
50001
50001
1088
4746
8
14425
50001
50000
50000
501
12591
5852
50000
40245
50000
13
24
50000
510
15
112
1
48874
50000
2
7
15
50000
16814
50000
1
8542
30097
86
80
4060
1874
42
18605
48
185
6
248
1
1
10
10400
30117
1
31698
49700
45374
646
50000
18848
276
29366
50000
303
50000
50000
1518
17595
340
16
112
50000
32437
50000
1
13
1
593
49461
309
50000
15
2
1
50000
487
50000
50000
1
230
1617
50000
32376
16
2
5169
50001
43042
7241
32390
1
50001
14
11231
1
50000
5
50000
6048
50000
2892
50001
9594
3783
2
37189
139
579
39
32193
50001
6322
1
16054
3533
1536
43008
29046
86
16894
3851
3650
50000
46
50000
50001
4969
2158
50000
3608
1558
46736
15422
212
50001
50000
957
634
882
338
50000
2252
39
2
49845
50000
50001
124
2
25
50000
1
69
31132
2
101
1
50000
1943
75
50000
8433
10
120
44
297
19
1611
44675
42620
11099
791
48800
3
323
50000
12197
39742
1109
4879
50000
2
4888
7449
507
73
737
4408
1
19801
27
4
519
15
15913
1125
49
50000
27847
2
19096
1651
20
3132
21490
154
50000
1
39027
7260
14612
50001
747
9
50000
5625
2
3103
168
32548
81
50000
13294
1265
50000
18253
50001
8562
287
1
1
33
50000
28068
5640
22335
50000
2
21
10
202
32215
50000
2082
22445
50000
1
50000
645
50000
15846
77
1820
7
1
252
50000
50001
5
970
796
2510
598
14381
17927
50000
50000
214
50001
1
199
14189
43
1
23209
23
1
1477
50000
1
1
2
40674
43944
50000
33
10706
16
27629
1300
50000
50000
367
19
63
28836
3578
50001
13944
261
50000
5604
211
2
50000
18967
28
28142
50000
50000
27339
15151
24999
52
4067
345
5205
22602
1820
35968
72
50000
50001
1
12
50000
2
50000
1414
39077
7
2
50000
48878
50000
17662
29755
15
779
7
50001
3
50000
50000
123
41
21898
50001
2925
24431
3568
616
2
7
4
50001
17554
49618
50000
7361
1
50001
95
11285
37
2
18893
50000
1552
3
9
27
1455
1
13
50000
19512
4361
13496
24167
18194
50001
42372
17597
50000
33
26
15
6
301
1242
13
4179
42164
1868
289
88
1
1189
15175
1
50000
50001
6
580
797
21
50000
9235
26
381
35787
5294
7454
50000
6
2
1935
50000
233
27
2839
31228
50001
50000
1
1
1
7968
1
128
48726
3
16602
139
51
1
42
50001
549
25897
16
129
7361
1
2332
36941
1907
50000
4
690
1152
21
7
1310
6322
50000
50000
1217
821
77
14189
50000
50000
1058
7
43
340
47
50001
48980
48074
50000
43480
60
4842
3
7062
1
806
156
15610
50000
18
2844
50000
225
50001
50000
5525
9
8071
4431
22
50001
50000
50000
1190
3630
4712
50000
50001
1
13
27151
50001
1
9311
2394
13939
1
30
24
50000
3736
1766
50000
50000
1210
50000
33864
1151
190
7055
2729
50000
11223
98
50001
13069
8831
50001
45895
14306
45266
3168
4
6991
97
19757
220
7185
31664
5
50000
7
50000
50000
21
28218
50000
28390
7114
45629
50000
2054
1
1
33
11793
31201
44961
30130
50000
50000
50000
4
2
8
50000
50000
30031
1149
2
6223
5700
50000
1
50000
5313
13445
1878
985
9077
50000
50000
1
44746
32135
50000
8
1246
17
8243
50000
1
18471
4104
50001
17
889
4896
50000
799
496
66
1
11774
9127
486
24785
50000
3
50000
13658
7
50000
20446
152
48144
50000
322
50000
566
155
1
33752
256
1
1
131
7
704
1
1
5672
9173
3
263
1251
8942
177
32828
3853
338
694
252
50001
50000
2
39045
206
3024
1
82
50000
17601
50000
50000
9
1983
1
50000
48
9371
16127
15279
1864
19569
122
5563
19337
50001
109
24800
989
8707
50000
50001
50000
16666
31
35690
35387
238
38681
17577
11
6
1
1729
4
50000
50000
16
25
43
25967
13124
14
2072
7
15
999
50001
50001
50000
42456
50000
17792
7
22651
8250
1
32
45091
35
30510
2
50000
8770
147
50000
11
80
2
50000
28739
42754
8595
3
50001
13
835
50000
8535
48
7
18
972
50000
2
44
50000
50001
50000
17650
5324
5802
14083
3095
1
14499
50000
11637
97
6739
558
50001
7615
7545
1
37
50000
3
189
71
1053
270
50000
2
321
50001
1
34
178
24111
50001
970
88
331
24589
19
50000
50000
368
1
2631
3283
50000
4
1
50000
50001
50000
16
50000
1175
50000
1320
50001
2225
14220
865
1663
26
42131
50000
8
648
50000
1
1590
2
95
7895
50000
2
1
50000
50000
1
6388
1384
28976
35534
17294
16175
14
3745
228
143
64
50000
50001
50000
50000
2584
13339
2
792
6
50000
50000
50001
13885
40498
9
1285
47676
50000
30075
14051
18
1511
71
15095
88
3205
3817
502
28079
4
50000
18
50000
1
17
41078
7196
27044
36675
4225
11277
456
1823
41
22293
1508
50000
24715
47213
1
47
32330
1
14715
50000
50001
14737
1
50000
486
50001
21466
2195
20
1819
162
50000
1
11
2175
50000
2
101
4
1387
49
1
14317
11910
4983
3560
445
695
50001
712
2
148
50000
4214
207
1
1
120
20
50000
1470
14
9
20924
50000
3
36
59
22724
8963
50000
50000
50000
819
45282
5
50000
11213
672
30
50000
558
2
43
570
22
1
31
24554
96
4598
1
34514
50000
18
50000
50001
13744
50001
4
4925
224
15589
1691
50000
96
561
206
50000
4
1312
40854
50001
30215
7
1
50001
6271
7
50000
2
41913
50000
50000
40810
4273
50000
49495
50001
23678
77
72
5025
29735
50001
62
3
50000
9887
4607
28
2
50001
7899
36659
9911
5016
23163
8742
35562
1
50000
2352
1
7
1529
27
21246
50000
50000
7156
9746
50000
13
50000
451
892
1
666
32609
50000
15704
9
703
5015
50000
2
36
1
1
6
4432
50000
8
23635
21
50000
13057
50000
50000
50000
21469
50001
5513
50001
121
447
1
50001
4627
352
50000
50000
7292
12411
4309
2
18
17
2
20146
2
12
286
2
50000
2
280
34596
997
50001
50001
6231
517
162
6
24653
50000
23303
811
16071
43392
50001
50000
50000
2
2
27400
10
50000
358
50000
1885
50000
1309
2761
5999
24
5409
38
35129
96
1
50001
2
974
42767
20844
148
20278
6817
1871
1046
113
47784
12
5134
717
50000
1
1109
50001
50000
29017
50000
1
25377
63
41
726
722
144
7525
40997
14560
12607
19481
6583
1857
50000
6
1
30
7527
31557
4528
291
32291
5624
39
9
2
2
2115
1438
27
50000
40
42580
50000
50001
1
472
50000
481
50000
6
64
3
232
16777
2
11
539
2
50001
37
50000
22638
211
26
50000
10208
30
50000
1926
16
10
562
29019
7270
7037
38
10333
106
7
50000
3
37098
50000
511
17883
50000
50000
2483
12148
76
18
36942
50000
27
1
1
50000
6846
11264
20991
35
766
4
43167
2810
882
208
24097
1
50000
3
50000
50000
438
50000
216
43569
56
3
35761
8
1210
50000
50000
4
3144
50000
1133
22498
50001
3012
50000
50000
23698
6326
50000
2249
33
50000
50000
284
50001
50000
41480
50000
50000
125
47408
504
52
183
10920
3
10269
15
50001
1489
4752
36018
50000
28
11513
1
31809
21045
38
2718
2385
149
17821
31427
9
3269
174
50000
1
73
2
8567
1
49979
15321
2
2768
443
161
60
3270
2428
13233
50000
10814
3
1
50000
49648
1602
1084
50001
28388
50000
2388
12800
2749
414
50001
8840
504
10
50000
14
388
21517
566
2306
50000
6042
273
1
716
19041
50000
50001
318
24178
2
1
50000
9
20873
602
13761
7580
50000
33
20312
170
50000
50000
11969
2
757
4
7222
7402
2
641
50000
2454
50000
3
22
50000
50000
316
8153
53
50001
958
905
283
50000
50000
17310
24
34217
50000
16
40994
50000
2
50000
17858
3
10076
50000
16506
50000
25834
1
23514
63
25892
2
526
50000
11316
4317
50001
311
862
37782
3
1
50000
50000
19350
182
4
4216
41612
1
8973
1585
50000
19498
12207
856
50000
81
21731
1
8
214
15263
50000
1356
50000
725
5221
9172
1
21359
5
136
21
1
49563
50000
43
5
1039
50001
2527
806
3909
11
36
5058
5
5
50000
852
1
338
17787
50000
50001
50001
6
3
590
38541
10456
228
1275
57
1627
50000
5796
50000
27129
11798
1
1
50000
15685
1
5
4
28279
61
36878
50
29
3
2273
578
50
2964
1584
43
32075
50000
23
1
5225
833
50001
45
50000
50001
69
6580
31
323
27660
87
35
1953
3888
17
50000
1900
6841
272
6255
4120
481
50000
33266
50000
15
13
50001
2
33072
13414
50001
119
1
1205
2412
1
285
7694
5930
50000
2
26
16209
1
24
2
50000
14
2309
7185
