14
50001
46039
50000
1
50000
659
1
21371
50001
50000
25
50000
6
50000
1
444
50000
6812
1
50000
50000
3
50000
50000
50001
861
50000
4
1
50001
50000
5
15
690
50000
50000
50000
50000
34055
50000
50000
174
2636
50000
50000
50001
183
6918
50000
50000
31742
50000
6
1
50000
50001
50000
50000
24
11
50000
1
50000
50000
1
3
50000
50000
50000
50000
50001
50000
50000
50000
11
5208
50000
1
50000
50000
12
11
50000
8
1
50000
50001
40
50000
9
32
50000
2
6
20
50001
50000
50000
50001
117
50000
3112
50000
6
1
50001
50001
5
1
50000
50000
741
24419
50000
50000
24
50000
50000
3293
1
50000
50000
50000
50000
741
50000
18314
1
78
6
3019
1
50001
8
50001
1
50000
50000
50000
50000
8922
3
50000
50000
50000
35
50000
50000
50001
9
48635
2
90
1
1290
12
990
50000
50001
50000
49
3
50000
50000
50000
50000
85
170
50000
22
50001
2
50000
3
1548
50000
50000
18759
50000
1
955
50000
665
50000
407
50000
38
21735
18
2
1423
1851
32
86
26224
50000
50000
18
19525
50001
50001
22948
34680
50000
2
50000
50000
1696
50000
50001
50000
50000
50000
1167
50001
50000
177
1
29039
2
50000
50000
2
2
476
361
50000
15
50000
50000
50000
50000
5603
50000
11645
969
50000
47870
4
50000
50000
50000
427
50000
934
550
50000
1
1
50000
50001
13699
50001
50000
2632
255
1
2922
50000
65
1
1729
28
36565
50000
28
50000
50001
13
1211
50000
50000
27
1
50000
50000
3
50000
53
50000
50000
550
50000
39238
50000
15
50000
50000
118
95
50000
50001
7
50000
50000
17
4
3
6
1
795
50000
50001
6497
3
814
7
50000
50000
50001
50000
2
50000
1218
685
3
50000
50000
50000
50000
50000
50000
50000
14631
179
4184
592
50001
50000
1
50000
50000
1
50000
10
50000
2
50000
50000
1524
50000
50000
41452
6789
22765
174
949
268
107
8150
10
50000
241
50001
810
316
50000
50000
50001
50000
80
50000
355
21695
50001
1
3695
369
106
50001
50000
50000
2744
50000
5
3
2480
50000
50000
50000
1
50001
13
75
50001
1
1
50000
22
589
58
50000
5029
50000
50000
220
50000
3
135
50001
50000
3155
132
42507
2
7
10
1
50000
485
1186
50000
50000
11
50000
50000
10
50000
50000
4
4290
410
49
49525
50000
8
50000
50000
1
1034
9838
2
2380
50001
1825
50000
11
50000
3
27879
635
704
238
50001
6209
50000
50001
38
108
23
2040
50000
50000
33
36528
2
50001
1912
50000
50000
161
50000
50000
10003
1
50000
1
48
1
50001
5
1
50000
50001
11226
50000
4
140
25
50000
50000
50001
1
1307
72
50000
50000
50000
50000
9
6190
50000
4
50000
4554
1
4
50000
6874
91
2528
50000
19036
50001
50000
50000
50000
50000
2198
50000
50000
50000
50000
50000
42
50001
1518
50000
50000
5040
50000
50001
656
50001
13
50001
4
10
50000
1
52
668
50001
37
50000
50000
43
1
50000
50000
50001
50001
50000
50000
1
25
2
50001
1900
50000
12
50000
50000
50000
1
32
254
50000
72
223
50000
50000
50000
62
50001
50000
50000
102
4906
1880
23481
50000
50000
22
89
240
2
50000
50000
50000
7993
6
233
50000
1195
8334
84
1
50000
50000
1939
1
12859
4557
17626
37
50000
1
2246
50000
50000
50000
5
50000
50000
331
50000
50000
50000
1
50000
3840
59
1509
3
50001
50000
1
50001
3704
37
1543
13058
30
30582
26221
2
50000
2080
50001
16
37886
50000
50000
50000
50000
50000
50001
14158
46641
56
50000
8
127
50000
50000
50000
50000
50000
50000
50001
2
50000
50000
13303
50001
50001
104
50000
50000
12
50001
50000
13
1
50001
13
50000
50000
50000
50000
50000
50000
50000
50000
87
50000
912
50000
44511
2383
50001
3331
50000
131
50001
50000
50001
50000
50000
693
358
39
50000
30941
50000
30
1
41
2
50000
305
50000
598
50000
50000
50000
12323
14
98
50000
6
520
18248
50000
50000
50001
50001
50000
50000
6163
50000
50000
50001
50000
50000
50000
50001
50000
119
2
50000
122
202
50000
50000
50001
50000
275
423
5
35
1
3676
50000
50000
50000
50001
50001
50000
29297
50000
9700
9163
221
50000
50000
50001
65
9628
50000
50000
50000
1
50000
7420
50000
9660
1
20877
30
50001
9
2763
101
72
50000
50000
50001
80
29
1
50000
414
50001
50000
42852
2
2
50001
50000
50000
50000
2
1
8
50000
50000
50000
50000
50000
877
50001
50001
1423
72
50001
50000
50000
91
50001
50000
50000
50000
3236
50000
2
2730
1315
50000
2
50001
67
50000
50000
251
78
9395
50000
1
231
5686
50001
50000
261
6
62
7
6
145
14665
4
2
1
50000
2
1314
2
50000
1
50000
64
2
12
50000
50000
50001
50000
50000
12442
50001
50000
50000
1082
50001
151
14118
1
50001
1
50000
2
50001
50000
9362
50000
234
295
8975
1
50001
50001
13755
50000
50000
50001
50001
9
50000
50000
101
595
3
50000
50001
29
74
50000
50000
50000
3241
50000
4
44
9489
39
50000
14210
9
50000
29
50000
50000
134
50000
1
50001
4
50000
50000
50000
50001
27070
769
50000
1
50000
16
50001
200
206
510
50001
50000
50000
118
50000
50000
367
50000
982
50000
2
27
50000
1
26808
50000
50001
40
1
44
2
495
50000
50000
50000
50000
280
50000
1
50000
145
4185
1
50000
50000
1471
50000
1
37
4
50000
50000
50000
50000
50000
3234
45
5822
1
50000
50000
50000
50000
50000
37956
1835
55
50000
50000
3011
739
240
50001
50001
50000
50000
50000
2640
2
19
1649
50000
50000
50000
50001
37
50000
50000
50001
1
5
35045
1757
6140
261
24088
1
211
2412
1
50001
11
50000
50000
40981
194
50000
1220
50000
1
979
50000
50000
50000
4
50001
1
50001
50000
586
1
2380
50000
9091
50001
87
50000
50000
604
1
50000
50001
50000
50000
6
149
47
50000
50000
5
2
50000
50001
50000
1
50000
50000
50000
50000
21911
939
70
50001
2668
2
79
50000
50000
50000
447
40
246
50000
50001
55
50001
50000
50000
50000
404
50000
1
50000
50000
50
2
50000
50001
50000
50000
83
3100
50001
148
1
50000
1288
50000
50001
50000
56
9518
50000
2
50000
5
50000
788
4433
214
50000
50000
50000
50000
50000
50001
50001
34698
50000
284
50000
10666
50001
50001
1
50000
39795
50001
50000
50000
50000
50000
50001
50001
50001
1
50001
251
50000
50000
4
50000
50000
50001
50001
894
50000
48859
23741
35
50000
50000
50001
694
50001
10
1
22
46223
50000
916
50001
50000
50000
50000
50001
42027
48
74
1
50000
50000
50000
37
50000
11
12
1699
8
1
2
230
50000
50000
50000
50000
50001
50001
4082
50001
50000
1
2
773
50000
50000
50000
50000
1
1
4
50000
6
1
28383
50001
50000
24839
8
50001
50000
2060
50001
50001
50000
2
6234
50000
6
50001
8687
50001
50000
50000
16
3
50000
50000
4
50000
50000
35
10
50000
1
50000
44
5
50000
50000
50000
7082
1
50000
50000
50000
50000
781
3
50001
50000
50000
46000
13567
552
50001
50000
50000
50000
1036
6725
50001
1
63
50001
8
8
47
50000
50000
7553
50000
50001
382
50000
6
7
50000
50000
1431
50000
50000
36
50001
485
50000
18901
50000
1
50001
10318
50000
50001
50000
40
40532
50000
50000
2481
50000
50001
50000
50000
60
15
16558
1076
50000
1
50000
50000
50000
4
50000
50001
2
9
50001
1
1
31695
50001
1
3
50000
1592
50000
50000
50000
50001
27
50000
25870
302
50001
7
50000
50001
50000
50000
1312
50001
6641
50000
375
50000
50001
16
50000
3
342
50000
18251
1
50000
10857
50000
4430
50000
50001
44313
17
89
50001
50000
15
3
193
50000
256
50000
50000
50000
50000
3
34216
50000
19
50000
50000
50000
50000
50000
31799
1
1
254
50001
1
50000
50000
1
1
50000
50001
50000
50000
50001
50000
9
50000
50001
50000
50001
2578
50000
26564
13113
34
18
7
50000
24566
1
50000
50001
4
10
128
28644
50000
50001
50000
50000
775
50000
50001
3
50000
32
1017
50000
4282
10
3
50001
152
50000
50000
145
1
50000
50000
6
50000
38
50001
52
50000
2666
50001
9004
50000
50000
117
50000
96
1
12
3
42
50000
72
5
50000
50000
2
21
3902
50000
50000
289
50000
50000
24873
50000
22601
50000
50000
50000
719
50000
59
50000
50001
43
2
50000
50000
50000
50001
50000
1
4066
50000
50001
26684
23
50000
50000
11
50000
92
50000
50000
12
50000
17992
50001
50000
125
50000
4097
50000
402
2451
50000
8
32839
50001
50000
50000
64
87
4
50000
50001
2
16
32
789
50000
50001
50000
50000
2
50000
50000
41117
50000
97
50000
50000
50001
50001
50000
3
50000
50000
98
24
24300
50001
50001
505
50000
41
46
249
41
50000
10897
50000
50001
50000
1
575
66
42235
3
8699
50000
50000
106
597
50000
50000
50000
50000
368
50001
50000
3
5
121
50000
50000
652
50001
190
50000
18444
173
3094
7443
3971
50000
3006
50000
50000
50000
197
130
50000
50000
50000
14
50000
50000
50000
221
50000
50000
50001
50000
50000
3256
50000
50000
50000
7998
5
3
50000
50000
7
50000
82
50000
4908
32631
50001
1060
50000
1405
1247
50000
2
7982
40349
851
51
50000
4
50000
1
50001
1
50000
7
1
16
50001
50001
50001
50000
1
1
50000
1
3
1
50001
491
47367
50000
4898
1
50000
50000
18753
50000
50000
2
50001
21863
510
50001
50000
50000
1
50000
50000
296
50000
50000
50000
50000
238
50000
146
50000
25
279
27288
5
5855
312
1623
6
15
50000
50000
5376
15670
2
24
50000
50001
50000
50000
6
50000
1
50000
68
50000
6
93
1
1
84
50001
5252
50000
70
4
2
7
50000
50000
50000
50001
50000
2659
50000
8
50000
50000
1
50000
50000
50000
50000
50000
50001
50000
50001
10
2974
4
49389
50000
23
50000
50000
35038
858
50001
50000
50000
50001
57
5382
53
50000
1
16
50000
50000
1
3233
1
4174
15
52
438
30154
50001
284
30512
24047
50001
2
17009
50000
50000
50000
50001
50000
64
18
14
50001
50000
50000
50000
50000
50000
6583
50001
23
1
106
920
31
50000
6337
50000
3
19
24286
50000
6
18453
4397
37212
50000
50000
1131
50001
1696
1
27
50000
50001
50001
50000
50000
50000
50000
50001
2740
50000
50000
75
50000
50000
50000
50000
50000
14
3
182
52
50001
730
50000
5
50000
10
50000
6585
50000
6105
67
50000
12
50000
11
1
50000
50001
50000
78
3112
50001
50000
50000
50000
50000
50000
50000
50000
228
50000
2
50000
56
71
50000
10613
50001
50000
3075
50000
6927
15405
55
3984
1
50000
5
50000
174
1175
7
50000
50000
50001
50001
13
11
8983
50000
24
683
321
50000
50000
50000
50001
50000
50000
50000
50000
50000
50001
50000
50000
50000
992
7058
68
50001
1
50000
50000
50000
1
50000
5938
50000
1775
107
50000
50000
50000
56
493
1
23
50000
50000
123
1
50000
802
50000
50000
50000
127
50001
7888
55
50001
45320
50000
5623
235
12
42
17804
50000
4612
1
7
50000
116
6
1
50000
15
50000
27
1717
13663
50001
50001
50000
176
50000
79
50001
50001
50000
50000
50000
50000
50000
50000
27
50000
2049
1
827
50001
50001
42206
2
50000
50000
100
50000
50001
4460
50000
689
50000
7821
50000
2
20226
823
50000
50000
50000
50000
50000
870
50000
50000
50000
10
7257
48848
50001
50001
757
2
1
50001
1651
50000
66
50
2140
50001
500
1
50000
3
50000
50001
50001
50000
50000
50000
50000
50000
32
319
50000
2
50000
76
50000
50000
50000
50000
1
319
17
1801
50001
50000
19
50001
50000
50000
828
50000
50000
50000
71
50000
20
50000
8096
50000
50000
12253
50000
50000
527
50001
50000
50001
50001
1
67
50000
50000
1
50000
1
50000
50000
1
50001
1
489
2
50001
4
50001
50000
50000
50000
50000
47307
50000
9746
17
18
50000
50001
50000
15580
50001
50001
5
50000
50000
1969
50000
50001
12
2318
3
50000
50000
6979
2768
50000
50000
102
17254
50001
50000
50000
4
50000
35
50000
50000
50000
12326
552
19
5
50000
50000
739
50000
50000
50001
1
220
2599
50000
4
26
50000
44449
1
50000
50001
50000
210
50000
1
50000
1103
50000
50000
50000
3
32
50000
197
50000
50000
50000
50000
1
50000
37
1
50000
104
417
1
50000
50000
50000
50000
39
50000
266
50001
50000
50000
88
13054
4
50000
20529
574
2172
50000
50000
35
1
50000
50000
1143
28
2
50000
784
4878
50000
50000
50001
50000
50000
18272
50000
192
50000
50000
18136
50000
50000
50000
271
50000
715
486
349
1
49
350
50000
50000
1
50000
50000
24347
559
50000
50000
27
50001
4423
50000
50000
50000
50000
1
50000
50000
50000
24222
6
50000
4006
50001
2
50000
837
50000
50000
50000
50000
148
50000
27229
1
50000
50000
50000
50001
25789
116
319
22156
1
50000
50000
50000
961
12495
2
1
50001
50000
32
1
929
2711
454
50000
50000
50000
50000
665
30
50000
50001
50000
50000
50000
50000
16
4
30
2
2
50000
2120
50000
1
50001
50000
21182
2574
1
50000
50000
1
50001
286
6
50001
33
1
50000
3091
1
1975
50000
50001
50000
50000
50001
11
50000
50000
50000
50000
50000
17
3069
50000
60
18256
50000
794
4
50000
50000
553
304
50000
2
67
165
1649
50000
88
50000
50000
1
334
15
50000
50001
8
1
50001
50000
50000
14275
50000
50000
16
50001
50000
50000
1594
50000
411
50001
91
1
6432
4
5
50000
50000
2421
50001
20396
20
50000
114
19
50000
57
1
50000
50000
50000
50000
50000
50000
254
3
493
67
50000
14
50000
4
50000
50000
19
50000
50000
50000
50000
50001
1
1
50000
50001
50000
16
1
50000
770
50000
50000
50000
273
13643
23219
50000
69
50001
50001
50001
50000
219
50000
1
26
50000
1
50001
50000
4762
1599
50000
13
19752
1572
1
50000
50000
50001
3284
50000
1
50000
48794
50000
50000
50000
50000
529
50000
50000
50000
50001
50000
19583
42764
50000
50000
50000
9
50001
50001
14
35784
4
26
50000
50000
13342
1
1
50001
50001
50001
50000
718
31
50000
50001
18
33267
29
50001
50000
50000
50001
28
50000
3
17
846
50000
50001
50000
50000
41
50000
50000
22
50000
50000
50000
50000
35768
478
105
693
50000
1
50000
50000
1
23281
50000
50001
2913
50000
286
7
50000
455
133
50000
2
50000
50000
50001
19
2
1
1
31
25197
50000
8
562
43298
1
50000
50001
289
50000
50000
50000
153
50001
50001
1044
50000
50001
50001
50000
50000
11
12
64
50000
865
50000
50001
50000
1
7
50000
2
14957
50000
50000
11025
1
1113
2
16
50001
50001
50001
50001
186
50000
154
2937
258
50001
50000
50001
50001
15291
50000
1
50000
50001
183
50000
347
617
1
15311
50000
10503
50000
1
12791
1
315
50000
288
50000
50000
50000
7
50000
1
35487
50000
682
1
18287
1190
50001
38
5
44029
3466
50001
50001
421
75
50000
3149
5
8
50000
2310
543
14892
50001
50000
5691
6
50000
50000
50000
8750
50000
50000
9723
50000
50000
50000
50000
1
141
50000
50001
50000
95
204
50000
50000
1
50000
50000
43
30
15
312
14190
50000
50000
50000
50000
601
1
1
50000
69
4094
50000
2481
1379
50000
50001
50000
48701
50000
50000
2
50000
165
1
50001
12484
24
13389
50000
50001
23767
43
50000
50001
50000
20
50000
233
50000
11
50000
50001
1
50000
70
6
50000
5402
50001
13375
50000
50000
39
1325
40133
50000
50000
11891
50000
50000
96
10093
50000
2
28548
9996
50000
50000
7806
69
50000
50000
1
50000
50000
50001
1
50000
50001
50000
50000
50000
50001
50000
1
50000
14
3757
2
1
50001
50000
31
50000
50000
24
266
1902
50001
50001
50001
50000
23
409
50000
6924
50001
184
50000
50001
545
50000
50000
1
50000
50000
50000
50000
50000
50000
50000
50000
190
20551
625
50000
1684
50000
21
256
4
50000
375
4022
25
2
50000
28
3113
49027
239
50000
1
19328
14
95
17562
234
50
3556
24
50000
50000
41
32543
1
22058
50000
50001
50000
1
50000
58
50001
50000
50000
50000
1
1
1
50000
655
448
50000
151
14541
215
1
1
583
50000
720
2
50000
566
50001
50000
41
4942
50000
50000
581
639
2519
10267
50001
50001
9
4
17559
50000
50000
1281
2
50000
50000
50000
216
50001
50001
145
4252
50000
50000
11172
50000
50000
9
1
50000
131
50000
50001
221
50000
14
50000
20354
34
50000
5628
6
1
50000
50001
50000
50000
637
50000
50000
2
11709
50000
7
8
50000
26072
50000
50000
50000
50001
11999
744
2
19375
169
50001
50000
654
50000
3206
50000
50000
662
36
8
9
50000
50001
50000
50001
50000
19
50000
2
50001
50000
50000
1
3
7
50000
50000
50000
50001
33
3
1
1
50000
50001
30
2
2898
50000
1307
142
1934
50000
9991
2
50000
50000
50001
50000
182
24854
50000
50000
50001
132
20291
50000
47
13505
1364
50000
50000
7
50000
21020
33
50001
50000
1885
19
50000
50000
50000
50000
12
50000
50001
50000
1048
50000
50001
50001
50001
91
50
5481
14568
12
50000
50000
50000
50000
50000
50001
50000
9
369
249
1552
50000
113
50000
28520
50000
7297
43
1
10
7
50001
25
50000
50000
50000
4768
50000
23462
5297
3
50001
14721
1
4
50000
50000
233
50000
17
53
50000
1338
2
50001
50000
7592
50000
50000
50000
49
1241
44615
50000
167
76
50000
50001
81
50000
2
50000
3
27552
71
338
50000
3336
50000
50000
50000
1
50000
49
2
50001
2
50001
2
1795
50000
50001
50000
50000
25625
2
26
50000
50000
50000
1709
26
50001
50001
50000
50000
1
50000
50001
50000
50000
3
2418
21552
15951
50000
50000
50001
50000
50000
1
36794
25
1
20
50000
1
498
2
50000
50000
10126
52
50000
2694
37707
2316
1
50000
50000
36
50001
2149
8
50000
50000
4
14465
9515
95
50000
50000
50000
50000
50000
71
7
50000
50000
50000
50000
3
50000
33
50000
50000
50000
50000
5
50000
50000
50000
2
50000
50000
50000
50001
2
50000
145
50000
50000
15138
218
4
50000
2
597
2
50000
50000
50001
50000
289
50000
23
50000
50000
1
10
50000
50000
50000
50000
50001
50000
744
50000
6656
50000
50000
50001
50001
37788
50000
50000
85
50000
1339
27033
1
50000
32533
494
50001
50000
2
8
5
3008
8050
4277
1
1
1
795
16
5
38041
50001
50001
50000
50000
50000
50001
50000
50000
1
50000
50000
6442
50000
4881
50001
50000
50000
50000
2
1
6332
11258
50001
2725
2
50000
1
44843
50000
50001
50000
8906
50000
50000
50000
50000
50000
101
50001
50001
17114
50000
29
50000
50000
1
182
7
50000
50001
50000
50000
50001
46
26
1
50000
50001
50000
18
3483
389
1127
50000
2
50000
18
50000
50000
33
50000
3506
17063
50000
50000
50000
573
50000
16
50000
7832
50001
50001
1014
50000
50000
50000
15167
50001
4943
2
178
2
356
50000
50001
50000
50000
50000
4
50000
5
50001
25282
50000
50001
50000
4
50000
50000
240
50000
50001
50000
50000
7680
50001
2849
6010
7170
50000
440
8785
2
9
50000
1350
50000
50000
50000
50000
50000
7
50001
481
661
50001
1
13
50000
1
50000
50001
50001
3
1
50000
50000
53
50000
385
196
6424
214
21015
50000
940
1
6
50001
50000
1
50000
50000
5702
50000
50000
50000
879
50000
418
28
2636
1
12890
50000
50000
50000
50000
50000
41266
50000
50001
10880
50001
1
15
50001
50000
50000
50000
50000
50000
50001
1370
263
98
50000
50001
50000
5
50000
1
50000
50000
1
50000
717
50001
1
50000
9209
7
50001
135
3215
50000
36
3
360
50000
50001
3622
50000
50000
50001
1
1686
36425
1
34
2
9
50001
16332
50000
5
2
10
2283
50001
205
50001
50000
16
4
50000
592
50000
50000
50000
4
1
50001
50000
50001
1
702
2298
50000
50000
7
4
9642
5900
50001
50001
7341
50000
50000
33245
35
50000
289
50000
1
50000
16
15
7
50001
25568
1
50000
50000
45107
50001
7403
50001
50000
1
13170
167
50000
1778
2
50000
50000
22340
2
50000
10
50001
50001
1027
34184
50000
1
50000
1648
14325
50001
2
11563
53
50000
10045
80
98
49
50000
2649
50000
50000
50000
50000
50000
1
1
1
50000
50000
4
6
50000
1026
50000
55
205
71
2578
50000
50001
50000
1
50001
50001
50000
2
50000
18
50000
50000
50000
88
7
8701
50000
50000
739
5985
13517
38286
50000
19
1
2792
22
50001
50000
50000
50000
116
6
1
50001
50000
2
1
50000
50000
50000
1059
50000
47
50000
1
659
50000
238
50000
2
3
1423
50000
2
885
2616
50001
6
50000
2
50001
7508
119
2081
848
50000
1
50001
50000
5
50000
1
50000
503
50000
50000
4522
2
50000
50000
50000
6
50000
50001
1
1
50000
50001
42621
309
573
2505
3461
50000
52
1425
7
50001
50000
1244
50000
3
50000
50000
38945
4
49110
24
1369
50000
50000
50001
3
1259
42890
10518
1077
198
23856
50001
344
2140
50001
50000
1
1652
1
50001
1
8
50000
50001
291
50000
50000
1
292
26
50000
50001
25
50000
50000
3
50000
74
50001
40690
50001
3
50000
50000
50001
656
50000
50000
50001
49
50000
50000
50000
50000
50001
50000
5
50001
50001
50000
165
11254
2
2
49
50000
6
50001
50000
50001
50000
9501
50001
50001
80
50001
1
422
46
7939
50001
132
12
10847
50000
1
50000
50001
50000
50000
2
50001
33441
37711
50000
69
50001
24318
50001
38747
1
373
101
29717
3
1
50001
50001
977
50000
2
50000
1
330
50001
491
91
50000
9
1
50000
182
91
50000
50000
50001
50000
50000
207
50000
3694
50000
284
50000
2329
4
50000
5022
5
50001
50000
50000
50000
50000
50000
2
24
1505
45
50001
50000
1173
8
50000
50000
50000
50000
50000
10867
50000
50000
14
50000
331
4013
50000
50001
50000
50000
50000
50000
50000
50000
8898
50000
50001
22316
624
2
15
50000
4
50001
1
50000
2
1
50000
40
18761
50000
50000
50000
5
240
50000
50000
50000
50000
1
84
456
554
5
50000
4009
5711
50000
3924
13
23
7216
6
3
12
50000
670
963
156
27
17
50001
50000
6
50000
50000
50000
1
15
50000
50001
50000
50000
1931
50000
50000
50000
2
4
2
35779
1
26138
8270
50001
35290
50000
1552
50000
5
2
14269
50000
50000
50000
657
50000
50000
1
50001
50000
36636
50000
50000
50001
50000
6
50001
50000
50000
485
4
11
48
14019
50000
50000
313
451
5
3986
5151
1
50001
50000
161
22
50001
32121
50000
50001
50000
5
50000
167
5
12
1
50001
50000
34001
711
50000
50000
50001
24101
50001
1
50000
27039
13868
50000
8998
50000
50000
50000
2
1697
1345
2
50001
50001
387
50000
50000
3
50001
50001
1
50001
50000
50001
198
32329
50000
50001
4242
163
3
36269
50000
50000
50000
50001
148
3
50000
50001
3
1
34686
50000
50001
50000
50000
1345
50001
50000
50001
14763
50000
50000
50000
7
50000
50000
50000
9185
50000
50000
361
29
5
50001
1
50000
50000
1901
50001
50000
16
805
50000
19
50001
937
50000
50000
50000
50000
186
50000
50000
50000
3
22
50001
2
50000
3861
50000
129
50000
50001
50000
2
58
8303
1
21
2
50000
2
50000
66
50000
50000
50000
50000
5
41072
20
50000
1
50000
50000
50000
39
4968
14
1
608
50000
50000
50000
50000
25
1
44
50000
50000
50000
50000
50000
2
12
50000
50000
1
50000
1
49
50000
50000
189
50000
1717
244
50000
50000
50000
1
50000
25137
50001
2470
50000
50000
50000
43
50000
5
50000
50000
50000
4
50000
50000
303
2
2622
50000
50000
4022
50001
50001
5
50001
50000
1451
50000
50000
50000
15
50001
878
50000
2
8457
50000
2
1
50000
3
6
50000
182
7
50000
1
50000
50000
50001
50000
50001
50000
50000
57
50000
50001
6
50000
50000
50000
8
50000
913
37278
12
50001
50000
50000
50000
3207
50000
50000
1
50000
50000
5110
50000
221
53
50000
4
42
145
569
17295
1055
171
50000
3
50000
22460
50001
1
50001
50000
31566
50000
30
50001
50000
2249
1325
50000
1
11
46483
50001
115
50000
50001
50000
50000
4
6
50000
50001
50000
2
20
1
30
50000
50000
50000
50000
2156
50000
1
50001
1
1133
374
50000
461
1762
50001
114
50000
50000
1654
98
50000
2
50000
50000
50000
50001
50000
50000
50000
50000
1358
6914
50000
26333
1
50000
50001
50000
2679
2
7
50000
3416
10
108
50000
50000
50000
50000
404
30
1030
1
50000
50000
50000
118
50000
3
50000
50001
50000
50000
5125
8
50001
50001
50000
50000
26146
13
10
5222
8
6668
50001
17540
1
626
18
50000
23975
50000
59
50001
50000
50000
50000
50000
1
1
50000
12579
243
6903
50000
1
50000
50000
50000
36
11
50000
1172
50001
50000
28022
2
50000
32593
26959
50000
50000
50000
209
24721
4
50001
50000
50000
50000
67
50000
8
3
50000
50000
50000
50000
1
50000
50000
131
50001
50000
4
1
50000
6
207
50000
50000
336
50001
50000
50000
70
50001
50000
901
333
15450
149
34308
299
3
50000
50001
263
57
50000
50001
3790
50001
50000
14108
1
1
50000
9
1
50000
50000
3129
57
2
1341
50000
50000
50000
11
825
1287
7
760
50001
50000
614
16
50000
50001
50000
2643
90
50000
50000
50001
998
1894
516
1026
50001
305
50000
1
14
1731
50000
50001
16
50001
50001
9
50001
1423
50000
50000
50000
50000
208
50000
7402
2192
455
50000
50000
50001
4
50001
50000
50000
50001
10
23
11744
50000
4997
50000
50000
11
303
11
50000
50000
50001
16
5
5
96
50001
50000
50000
25
50000
6
1
37836
50000
19
1912
50000
50000
138
13379
1
50001
50001
138
50000
50001
50000
50000
50000
392
41
1
7
18
50000
50001
13111
38540
24
50000
50001
1
50000
424
1
50000
50000
5251
4
50000
1
65
46
10
50000
2
50000
50000
50000
50000
50000
1
50000
10240
50000
1058
1
33
50000
871
50000
12
24
856
50001
29739
50001
505
50000
50001
6108
181
3
9
218
50000
50001
50000
47
1
23
50001
50000
50000
50000
2673
50000
5361
16
50000
50000
1875
50000
611
50000
50000
50000
591
50000
50000
50000
50000
277
50001
121
35723
2401
50001
1
3546
50000
50000
2
206
13
4
790
50001
23
50000
182
2290
13
50000
50001
50000
3
16910
50001
1
4
50000
4725
50000
25
10051
50000
50000
50001
10
75
50000
50000
50000
50000
50000
48
50001
50000
50000
50000
50000
3
179
50000
50001
27383
906
50000
50000
1466
653
1
1
50000
4
50000
50000
6981
9528
52
116
50000
50000
50000
1
1
50000
50000
28
1058
205
50000
1
428
50001
692
50001
6
4
32848
50000
50000
5
12
50000
50001
5549
50000
600
1
1
50001
205
2
20
50000
13021
10435
50000
1
50000
4684
50000
50000
2
18938
1065
1094
1238
50001
50001
1
13667
43
50000
50000
302
1
50001
916
50000
888
50000
2958
71
196
1
50000
50000
30939
50000
2
6486
132
164
8
653
50000
4
50000
50000
50000
50000
373
50000
50001
50000
50000
50000
50000
50001
50001
50000
45
50000
50000
50000
50000
547
50000
45354
126
1301
50000
50000
1
50000
50000
50000
1
50001
50001
50001
10
50000
3
4
50000
50001
6
4
50000
1
1
50000
50001
1
50000
50000
22
1724
2337
50000
1
50000
1
50001
1
1
29087
50000
84
50000
50001
50001
50000
4
50001
50001
4001
50001
39274
34
50001
50000
50000
221
50001
50000
2
50000
50000
523
50000
50001
50000
28
1
1
50000
50000
612
50000
50000
50001
1
50001
50000
14795
4
50000
50000
175
219
533
6002
39742
1
50001
10320
33399
50001
50000
461
50000
50000
50000
45977
50001
2172
50001
36717
50000
50001
50001
1333
2
50001
50000
50000
50000
501
50000
558
50000
2
50000
1
50000
24315
50000
50000
271
50000
12
50000
49355
2
7
104
50001
50000
50000
1222
3402
1
50000
50000
50001
50000
46
2
50000
1372
97
50000
50000
115
3
4407
50000
7114
50000
50000
2
50000
1
25954
34669
7
11
1
50001
50001
50001
50001
1
5
50000
50001
50000
11
2
50000
50001
50000
50000
50000
50000
50000
8
50000
7
1895
50000
6851
719
2
11145
50000
50000
15
50001
50000
1
8542
50001
11906
50000
1
50001
50001
50000
2410
13
2004
245
50000
9853
1
50000
13254
5367
2
50000
50000
50000
50000
50000
50000
50000
50000
50000
1
45
45
50000
50000
1
1
50000
25745
50000
3855
50001
24
12
6167
22
1070
15
50000
123
50000
50000
9476
50000
2773
50000
38764
50001
15
30695
1899
50000
47615
50000
4440
14099
50000
684
25117
2
810
50000
319
21
50000
50000
129
1
50000
50000
50001
19
50001
23039
263
2130
50000
2
50001
50000
50000
50000
22315
125
50000
50000
50000
1
50001
276
50001
274
146
50000
3687
50000
50000
50000
50000
91
50000
1
50001
869
50000
50001
50001
50000
1
1
2
7255
50000
50000
92
50000
50000
50001
8
252
358
50000
50000
50001
4942
50000
50001
24
50001
50000
50000
1
50000
15
50000
4637
50001
156
50001
1
50001
50000
15047
50001
802
255
50000
50000
2582
17555
562
2
50000
50000
50000
7180
50000
1
50000
2663
796
7
50000
78
50000
50001
50000
4158
5464
50000
5
50000
50000
1
71
50000
50000
6
1
50001
50001
2
8647
1
3
4
50000
21121
50000
50000
1908
50000
50000
13380
50000
25187
50000
2
50001
50000
50000
1
2347
482
29
169
7
528
166
50000
50000
50000
13
50000
1
50000
2582
3
50001
50000
50000
1
2864
50000
50000
50000
50000
50000
50000
50000
1
50000
50000
1
50000
50001
445
4
50000
1
50000
50000
50000
50000
50001
50000
50000
28936
50001
50001
50000
50000
9
50000
50000
1
222
1594
50000
50000
234
50001
1
230
2
710
38611
50000
50000
50001
1401
50000
50000
50001
50000
50000
19696
50000
50001
50001
5
170
50000
50000
63
26856
50000
3
1313
50000
141
50000
2
120
50000
50000
11
3234
94
402
458
15
50000
43485
2757
65
2
50000
1
2193
1
2
47843
50000
4
1
50000
42
66
50001
50000
50000
18285
50001
13
19
50001
50001
50000
1764
2
50000
40
23
11
35
50000
295
28
5092
50000
50001
50000
50000
50000
32502
50001
50000
1
50000
50000
3
50000
25141
50000
1789
155
50000
50000
50000
50000
221
50000
50000
2
50000
2255
50000
50000
1013
50000
1304
4534
1
50000
50000
50000
50000
1
50000
4297
1
50000
50000
1
50001
50000
21100
50000
50001
57
2078
2301
50000
149
1191
50000
10371
302
50000
2
16
6
4715
50001
700
50000
50001
50000
7
8
927
8
50001
1
50000
10
4
50000
50000
50000
50000
50000
50000
6
50000
50000
744
50000
139
1657
50000
8041
34
82
50000
8453
50000
8622
3518
50000
566
50001
50001
1
2794
50000
50001
2
50000
50000
50000
50000
11228
50000
33595
50000
50000
50001
50000
50000
36
21495
50001
50000
92
50000
46
2
50000
778
50000
50000
24
50000
1036
50001
50000
50000
3565
257
50000
50000
14
50000
5103
50000
50000
50000
494
50000
1439
57
50001
12694
12571
1090
50000
50001
50001
50001
50001
1
50000
746
34052
50000
10
50001
1
50000
7
50001
50000
990
50000
50000
50000
49
50000
17296
50000
255
50000
21178
255
1
17
4318
5
159
1
50000
50000
50000
18
50000
50000
1343
50000
4
9
54
50000
84
1
1419
1940
50000
50000
17667
50000
571
57
50000
50000
50000
805
50000
50000
1525
50000
10
925
50001
1066
23
50000
50000
50000
50000
1
50000
2356
50001
12432
50000
1
50001
16861
50000
50000
50000
50000
4199
50001
5
48
50000
50001
1080
50000
18230
50001
50000
50000
50000
1
50000
105
50000
50001
50000
50000
50001
21446
50000
260
19431
24
50000
43
50001
50000
50000
50000
50000
50000
50000
17809
1
50000
1635
3701
50000
50000
50001
1009
597
4
50001
50000
50000
50000
50001
50001
50001
50000
50000
26
3922
50000
2120
50000
3833
50001
3
2
50000
112
2
50001
19
5
19486
1
50000
50000
50000
20
177
353
50000
50000
50000
50000
50000
18072
17456
236
50000
11
50001
50000
963
50000
2
3
19872
50000
1319
50000
9
50000
5
30336
1
50000
1
3900
50000
50000
47
50000
189
28
50000
23001
43
50000
2
1
24
50000
17666
197
2386
663
1
1
10
7489
50000
50000
120
21691
50000
50000
50000
50000
50000
50000
23
13975
18
50000
50000
9029
12575
40
13
28418
50000
5471
50000
1
50000
50001
50000
50001
50000
50000
1788
50000
1270
3
50000
21
9419
50000
102
263
227
4459
4
50000
50000
50000
1
50000
50000
50000
50000
50000
2943
23
862
50000
768
50001
50000
50001
44499
50001
1
50000
3166
287
12
50001
50000
281
8394
50000
50000
50000
50001
50000
50000
8
50000
50001
49
1
1411
50001
50000
50000
50000
565
5
50000
50000
3
50000
7
1466
24
50000
50000
50001
50000
50001
2
343
5
84
50001
2
50001
50000
50000
56
4
50000
219
44653
2010
50000
50000
28
8
177
50000
50001
50001
50000
50000
35
50001
50000
50000
50000
50000
34218
1
1
50000
102
15
50000
50000
50001
653
50001
50001
50000
1
820
50000
4459
6
50001
50000
8182
1687
1331
50000
50000
4
50001
8762
50000
11133
50000
7
1
427
7
50000
29694
50000
4
50001
50000
50000
50001
50000
1
50000
7919
21560
1039
11
50000
50000
1878
118
1
50000
9
50000
18643
50001
50000
50000
50000
16043
3275
50000
663
50000
50000
50000
7144
1
50000
50000
5578
50000
50001
50001
288
106
87
50000
50000
33
50000
43617
8
1780
50001
485
26
529
50000
7
50000
50000
25083
50000
93
275
50001
1
50000
50000
1
50001
50000
650
50001
50000
362
50000
4955
50000
50000
24
50000
50001
1
12934
50001
208
2762
50000
50000
50000
50001
3788
50000
440
3
1150
50000
50000
313
50000
140
5014
50000
50000
105
50000
4
50001
50000
1
50000
23795
28874
32476
50001
50001
50000
1
2
43
50000
5
50001
2
364
50000
50000
50001
5737
1
75
50001
50001
23362
30
50000
50000
50000
50001
27
50000
50000
830
50000
50001
50000
50000
50000
1
50000
50000
120
1
50000
50000
10
29619
50000
50000
50000
11515
6
7
50001
50000
50000
1
50000
18
42700
50000
50001
11
50000
50001
50000
50000
50000
41442
50000
50000
50000
50000
50000
132
50000
50000
50001
50001
205
14
1
50001
12578
2
4
98
250
30
50000
14
50000
50000
19
1
50001
15
764
50000
1275
50000
712
50000
199
1
196
496
4
50000
26013
125
12587
50000
50000
5
50000
17364
50000
3
32
4
13
1
10299
50000
24
118
50001
2
933
31
50001
2239
1
52
50000
1
27330
50000
50001
3
50001
1496
159
43837
3494
6
5831
50001
49
4926
50000
50001
731
3391
50000
50000
174
4129
50000
50000
256
4
1
9032
87
61
123
11
1
50000
3
537
50000
4669
309
2
50001
1
50001
367
50000
50000
203
50000
50000
6736
50000
50000
50000
7
50000
50000
2089
50000
1
141
50000
50000
50000
9
140
50000
50000
1917
50001
81
2579
2
649
5105
6709
340
2
7919
50001
12687
18405
39
50000
582
50000
3
50000
4
50000
50001
1
50000
5
50001
21
1
7034
50000
50000
1
50000
50000
50000
4
50001
50000
2935
359
1
2
50001
50000
50000
26660
50000
5519
50001
2774
2
2
7034
50001
50000
1
723
50000
50001
8
8
17
1439
50000
61
1220
50000
50001
16
50001
50000
50000
50000
82
5
37336
584
135
496
50001
50000
17
12467
42309
31
50000
50001
50000
50000
50000
50000
50000
50001
50001
4
16
76
2
1
50000
50001
50000
50000
50001
1413
50000
50001
3054
50001
53
50000
50000
1
50001
50001
17
50000
50000
551
135
90
50000
50001
1
50000
2
2
50001
50001
2
50001
2
50000
50001
267
50000
50000
50001
50000
44
1
50000
50000
50001
50000
50000
43950
50000
1
50000
1
50001
50000
50000
33270
50000
50000
50001
50000
50000
50000
8079
50001
30886
2
50000
50000
50000
1851
50000
1
105
50000
11
3976
50001
50000
1
50000
50000
30
50000
50000
7
50000
1238
1459
1
50000
50000
15
16
50000
50000
3
37
6
8155
27327
50000
50000
184
50000
50000
50000
50000
50000
134
14129
50000
50001
50000
1
1262
33884
41533
714
496
50000
50000
29
569
133
4
50000
50000
50000
50000
20
50001
50000
6130
50001
50000
300
50000
1
32256
90
50000
127
1
23
554
30
50001
50000
50000
50000
18
50000
5543
50000
3
50001
1
50000
1210
53
50000
4
894
2
22237
50000
50000
50000
873
14
50001
28
50000
50000
50001
50000
166
12
115
50000
1
1
50000
1592
50000
5
50000
233
50001
6
8647
50000
2852
50001
1
50000
3
1
50000
50001
50000
22
2240
297
938
782
13
49
4
1035
50000
14000
50000
558
50000
50000
8
50000
14729
50000
8880
50000
50000
50000
2097
50001
5576
1
50000
50000
45556
50000
1753
50000
43
1239
50000
21
1
48
50000
50000
242
50000
3111
50000
50000
6497
50000
1
460
50000
50000
27
50000
50000
50000
2
50000
5
123
50000
50000
50000
2
304
50000
50000
45
25330
587
50000
14293
18379
1
1
50000
1
2429
9
50001
71
50000
50000
8133
1
64
50000
449
50001
19
947
138
50001
964
50000
1022
32
43739
50001
742
50000
50000
6195
1125
3
50000
1
153
6708
1
50001
212
50000
50000
50000
3537
50001
50000
3
50000
1
50000
5
50000
5
6
50000
50001
1
50000
10
50000
50001
50000
43
10
50000
50000
1
1
50000
50001
4
50000
29064
50000
50000
2
495
50000
50001
50000
50000
1
88
50001
50000
50000
50001
46
14062
52
16
2
4
3288
1
50000
50000
50000
1
17
50000
119
50000
850
50000
8
5892
4874
50000
50001
123
1
50001
5
1
50000
50000
50000
50000
7863
23
1
50000
15
257
50000
39890
50000
50000
50000
50000
50001
1
1
45
50000
4
50000
50000
3
14364
75
50000
1611
1
4
50001
99
24
50000
269
1
50000
225
50000
1
50000
1
28971
50000
50001
3538
4135
5
50000
50001
1
50000
50000
1
1
50000
154
168
2333
1211
50000
13
50001
105
46
26815
50000
21619
6966
50000
21
8
50000
5
50000
32875
1
155
50000
50000
50000
50001
50000
874
50000
50000
4
137
72
6865
50000
50000
50001
50000
50001
50000
50001
50001
56
50001
19
50000
50000
50001
50000
6121
2
1093
50000
50000
2
33
50000
50000
41323
42
50000
45
4858
2
55
50001
50001
16
16243
7978
50000
50000
50000
50000
50000
50000
50000
50000
5170
13252
18
50000
50000
50000
1
231
50000
50001
7
50000
9
50000
3083
1721
1
368
50000
430
50000
50000
2
1
50000
50000
2672
12279
50000
50000
153
50000
50000
50000
576
5
56
50000
8342
1690
61
207
50000
50000
50000
50000
50000
11
46
50000
50001
1432
20
50000
50000
50000
50001
1
41
909
50000
50001
19
50000
10
1
116
162
50000
50000
1243
16793
50000
6
26
50000
50000
1
50000
1
22892
6
2819
50001
50000
50001
271
99
1
9
50000
50000
2
1304
102
50000
50001
50000
50001
50001
50000
50000
5
1
50000
50000
2
20088
152
50000
50000
50000
2
162
50000
26370
50001
428
50001
7598
1
50000
50000
81
13212
50001
22590
50000
17
50000
50000
7435
50000
50000
16331
1
50001
1332
50000
4943
81
50000
50000
11083
1009
50000
59
16
44
13449
50000
50000
97
32157
50001
50001
50001
685
50000
2
3
34978
50000
24
2
50001
2987
50000
1
50000
22
50000
50000
50000
50000
4113
50000
50000
121
50000
50000
50000
2
50000
1270
151
1
50000
50000
26
50000
33528
27370
6
86
2
190
50001
50001
50000
46143
4153
5931
50000
6659
1
231
4244
50001
50001
15
15717
1
50000
2172
7
50000
50000
50000
22767
50000
490
50000
229
19
50001
60
765
50000
50000
50000
42
48
13
1
50001
50000
50001
1
50000
50000
50000
14972
50000
50001
32061
267
50000
367
2
699
2217
50000
50000
1
50000
700
3508
50000
50000
4723
22849
50000
4522
50001
50000
50000
50000
112
50000
50001
50000
3179
50000
50000
420
50000
24676
50000
34686
50000
27595
47055
50000
23
50000
281
50000
50000
22
50001
16
50000
50000
24541
50000
50001
50000
32
50000
50001
50000
50000
125
50000
74
4
50000
50000
50000
50000
69
2
50000
50000
50001
50000
1
50000
7
62
1185
50001
8
40750
160
10
544
50000
1
10141
50000
1
1
50000
47
50000
1551
50001
80
50000
50000
1
16
50000
50000
50000
3
50001
50000
9
44
45
28
50001
50000
45
50001
50000
50001
50000
50001
50000
50001
1
90
1
50000
50001
50000
5
8
50001
50000
50001
2
1
1
7798
50000
4
50000
33718
3
2
46826
216
1
50000
29117
1
50001
1
50000
501
4
6
50000
170
3
50000
198
584
6
50000
16236
86
2
50000
3996
2
66
22
50000
208
50000
50000
2053
1
50000
50000
1
50000
1546
50000
1
50000
2
170
50000
717
6
50001
1645
359
9
50000
6304
50000
50000
28378
7
50000
50000
50001
50001
50000
1
391
50001
127
20125
336
50000
34607
3
7253
50000
714
50000
2
4778
50000
18452
50000
22275
50000
1923
50000
1
50000
593
50000
12
50000
15
1
18
50000
50000
50000
50001
18
50000
50000
50000
50000
50001
2
50001
50001
24950
50000
5070
1
50000
50000
1
50001
36714
8501
50000
50001
50000
50000
1107
50000
50001
50000
1
1
50000
1
196
50000
1592
50000
50000
50000
5
15094
50000
28166
44
50000
3258
50001
50000
50000
50001
50001
50000
50000
50000
50000
24
50000
50000
50001
50000
42972
50000
1
33
408
1976
50000
50000
1558
76
50001
50000
50000
50000
98
1
50000
50001
50001
50001
50000
1038
50000
50001
50000
640
50001
50001
50000
19
50000
50000
50000
48065
23144
50000
3435
50000
50000
87
26200
4402
48
50000
50000
50000
50000
1
11
727
9
86
16719
2
50001
50000
50000
50000
3
50000
50000
50000
23
5
497
50000
5
1
50000
42098
19
50000
1
50000
50001
50000
61
1
50000
50000
1
2
50000
39
2
50001
83
24304
50000
50001
50000
33
50000
50001
50000
50000
50001
50000
50000
29
50001
6
1382
340
50001
50000
9
50000
597
729
50000
50000
50000
50000
3427
1
50000
50000
20
10
155
50000
50000
50001
50000
50000
19657
50000
50000
3
780
50000
50000
19
75
50000
18873
50000
50001
50001
3
50000
50001
50000
1
103
50000
259
6
1853
303
25
1
1
50000
50000
107
50000
1448
50000
159
2
50000
4
50001
2
50000
50000
20
50000
63
2535
4525
50000
50000
27078
1
50000
8492
50001
50000
50000
50000
1
1
3046
50000
152
50000
50001
33931
4
50000
50001
20
50000
50000
133
50000
11135
50000
474
50000
50000
50001
1
50000
50000
50001
12252
50000
50000
50000
50000
50001
50000
826
2
3
9
3518
50000
1
43
2
2437
50000
50000
50000
76
45
50000
50001
50000
50000
50000
50001
27463
50000
50000
50001
50001
50000
1207
5464
50000
1
50000
50000
50000
50001
50000
1
50000
870
50000
495
50000
50000
30
280
50000
50000
10351
50000
50000
50001
385
50000
8
50000
602
50000
50001
123
165
17378
37
50001
50001
17098
1
50000
50000
50000
50000
9311
50000
50000
7
25
50000
50000
50000
50000
50000
216
1095
9
82
50000
2
37
126
16
793
50001
50000
752
50000
50000
50000
50000
50000
2277
40
1
50001
1
17905
16
10
1
1
1422
665
1
50001
50000
2128
50000
1
50001
50000
47816
50000
50000
4462
9
50000
50000
20
2
50000
9
50000
6
50000
50000
50000
1
787
50000
50000
50001
15830
1
3
50001
50000
50001
284
225
50000
50000
50001
251
50001
4413
50001
50000
50001
50000
50000
50000
17
386
50000
50000
50001
50000
50000
1
50000
50000
50001
14912
63
50001
50000
50001
50000
50000
2
50000
50000
9678
50001
50000
14058
50000
50000
303
50000
50000
50000
50000
2
74
50000
50000
50000
2534
2
42142
131
284
909
50000
21130
50000
50001
50001
50000
1
50000
1874
33878
50000
342
50001
19702
197
50000
50000
2
11
5
50000
9424
50000
67
24127
1
50001
50000
162
50000
1295
959
50001
25
2
50001
50001
25
50000
112
50000
28692
50000
50001
43
1
1
2
3
12826
2
7123
19
1
50001
50000
50001
50000
50001
154
6
50000
50000
49867
50000
402
329
11031
50000
50000
2
50000
28
50001
1
1
5
397
1
50000
2112
50000
50000
50000
50001
50000
2429
50000
50000
1
50000
50000
50000
1451
1
50000
1
1
23678
156
50000
6875
245
50000
50000
9
50000
50000
50000
9625
444
50000
50000
41797
1
2932
50000
7
1396
6007
50000
50000
50000
28
50000
50000
64
1
2
50000
50000
50000
214
50001
50000
2103
10
79
4729
10
50001
110
50000
50000
1297
9
50000
50001
50000
1390
50000
1241
41
17
63
84
1
16
2
25
199
50000
9
50000
17724
18
50000
50000
50000
50000
50000
50001
29
50001
7
1
8959
50001
18598
50000
1
3
50000
50000
50000
50001
50000
50000
50000
5
11
50001
1
50000
3
50000
516
20896
1
50000
5424
50000
9116
11
15
14
50000
1
1129
1
18
50000
5
7
1
50001
50000
50000
496
50000
2
50001
50000
40
38
8185
48
9
17
50000
50000
50000
14886
50000
1
50001
10708
50001
110
314
312
114
13898
50000
50001
1
14248
35475
50000
14276
50000
50000
50000
50000
1
50001
50001
50000
10423
38
7090
50000
50000
47
34365
12
50000
5
1
50001
8
2049
50000
2
21688
50000
508
134
2
50001
9676
50000
38
30827
22
50001
4
1
50001
50000
50000
5
50000
1080
1
2268
5
30
428
50000
5
50000
50000
50001
50000
16901
25
1
17452
2
50000
63
50001
50000
33
50000
115
50000
6
50000
50000
50000
50000
2
50000
6455
4869
4
50000
19
1197
50001
38
50000
421
22
2
23896
31
1
538
50000
135
1
50001
68
5
1
50000
50000
43187
1718
32829
211
7416
50000
50000
1
50000
2102
50000
8
50001
50000
1
2
52
50000
577
24613
50000
50000
5
50000
283
17426
2
50001
65
50000
50001
1
297
1108
50000
50000
50000
50000
50001
50000
52
4
48904
47
24
50000
1
2
50000
50000
1
50001
50001
19
50000
50001
50000
1
25983
244
50000
2
50000
124
50000
156
50000
388
50000
54
189
50000
50001
50000
1792
50001
50001
7
50000
17678
50000
1
1
2171
50000
50001
50000
50000
302
291
50000
1122
67
50000
6612
556
284
50000
50001
59
50000
50001
50000
3
50000
50001
855
36617
1193
110
21622
50001
4373
2
1
745
50001
290
50000
50001
50000
15
16582
7
30776
50000
50000
3963
1691
19
6201
50000
50000
50001
1
50000
733
1
50000
50001
50000
8
50000
2916
50000
935
2265
11670
50000
50000
50000
50000
1
1
662
50000
1151
3043
50000
1204
1
39
7
50000
984
50000
50000
50000
50001
50001
50000
50000
4
50000
28047
50001
50001
6
24319
50000
50000
41
50000
50000
132
12
48
50000
50000
172
50000
1
50000
50000
50001
51
61
50000
50000
50001
50000
1266
50001
50000
50000
50000
50000
50001
1
50000
1254
50001
3
50000
2
50000
1680
25
50001
14193
50000
9999
50000
50000
50001
1
79
5
333
50000
209
33
50000
50000
1655
50000
489
5969
50000
50000
50000
50000
2829
50000
441
50001
50000
2
50000
50000
50001
50000
5078
6
50000
31
50001
50000
50000
50000
30
1
50001
1
50000
50000
1063
50001
5641
50000
261
7
13
50000
29500
36
8
50001
17
5164
50000
50000
50001
23
771
50001
17
8462
91
595
50001
1
1
2261
2
50000
50001
50001
50000
1143
50000
50000
2473
7189
192
50000
50000
42
50000
50000
1772
2322
50000
50000
50000
50000
11
651
8
50000
48
50000
50000
50000
50000
50000
2
971
150
115
677
50000
50000
50000
50000
52
6
50000
50000
4086
13
50000
47
50000
1
274
618
4270
50000
50000
50000
2
50000
1167
11292
6
4
71
1
18615
113
50000
50000
50000
50000
50000
449
50000
4
9
23279
30
50000
50001
50000
50000
50000
29
50000
50000
2
100
50000
50000
185
123
50000
50000
362
813
50000
8
1
50000
43
1
50000
20
8178
610
50000
50000
1
50000
2175
45
3844
50000
6
50000
34578
5
50001
1
50000
31
14892
3627
1954
10230
738
50000
50000
50001
133
50001
19210
50001
7305
50000
13920
15
50000
50000
171
9
50000
50000
50000
1
17606
1
50001
157
6
8
50000
50001
1
2
1
50001
50001
21072
67
50000
9
5
50001
137
4
50000
50000
766
50000
432
50000
4
50000
1
323
2171
2
5515
50000
50000
50000
2594
2
3
1
50001
15
50000
3996
50000
2
5687
36584
223
1
9
50000
50000
1
50000
50000
50000
3
8
50000
619
17035
39
50000
142
3
33
2
50001
50000
50000
50001
50000
507
50001
253
50000
52
50000
50000
21
43
2
27367
50000
50000
50001
50000
50001
2
50000
50001
19445
50000
1
50000
1
47
8
50000
1
890
2625
50000
5924
1949
14
50000
12537
4
9709
26
1
68
50000
50000
50000
4
50000
21
50000
50000
4943
50000
514
11
30458
50000
436
50000
50000
50000
50000
132
50000
1
50000
25627
50000
50000
50000
2
269
1
50000
83
50000
50001
2764
11917
74
50000
50000
50001
50000
50000
50000
232
5
50000
4
50000
87
16477
1
50000
50000
50000
50000
50000
50000
50000
50001
50000
50000
5
50000
50000
50000
50000
6
50001
50000
2
50000
3234
50000
5
2838
72
50000
50000
1
6621
50001
50000
2
1
166
666
26592
201
50000
20041
89
23
1749
50000
50001
15053
6
3417
9
50000
50000
50001
50000
1015
50000
50001
16343
7
50000
76
50000
50000
50001
1
88
5
50000
50001
50000
2
50000
18
50000
1
50000
50000
1
7
50001
27396
1
50001
4333
50000
50000
3
50000
73
149
3
1
732
354
76
3450
926
10344
1247
3
50000
50000
25
50001
8
50000
2
50000
50001
50000
3
8
50000
1
15106
50000
50000
50000
24
24
50000
50000
17659
1027
17
50000
7
1
50000
31
1
50000
50000
50000
50000
26
50000
1381
268
1655
50000
1
1419
134
19968
2
1
50000
1292
1224
50001
6243
182
50000
1744
28
50001
3
50000
100
28791
3
50000
34207
1
16
50000
50000
4
35916
6035
50000
30
2
1
50000
144
42
50001
50000
50000
50000
50000
50000
2
25128
50000
243
50000
814
60
50000
17685
50000
50000
50000
3288
24
50001
50000
520
50000
10160
60
69
50000
12393
50000
46454
50000
40
50000
1044
2
1
1917
50000
24
766
50000
50001
968
50000
872
1
50000
50000
1362
212
50000
214
50000
10
2
50000
50000
418
50000
50000
1
1
4
50001
50000
50001
50000
50000
50000
50000
50001
15574
50000
50000
50000
50000
50000
1
50000
1
1608
50000
2213
2409
50000
82
50000
50001
127
2
8
50001
50000
7
50000
227
30
16760
50000
50000
50000
17067
50000
1
17
50000
6879
47025
50000
380
50000
44
50000
50000
77
50001
50001
50001
50000
107
7
50000
50000
66
15610
5
18913
50000
50000
62
13
50000
1245
2
50000
50000
18
1972
3
23244
7
2
50000
150
50001
20
50001
50000
2
50000
50000
50001
93
800
17
50000
50000
50000
13633
1
309
38
8650
50000
50001
8367
1
50001
45
145
1
50000
44812
50000
50000
15016
1
2947
50000
50001
82
50001
8745
50000
11667
50001
17
50000
6
4
50001
14
17785
1
68
316
50000
50000
50000
10
50000
50000
15
28
1
10225
4853
1
1
50000
6
1
50000
50001
259
918
98
50000
50001
50000
10800
50000
1781
50000
50000
36768
1
7209
50000
2
9
50000
435
33
1
1
72
6532
50000
1452
50001
50000
50000
50001
50000
50001
25002
50000
2
50000
1
50000
2
50000
50000
8387
50000
50000
13430
342
50000
50001
50000
50000
282
497
50000
5870
8278
1105
1
37
50000
114
5
25814
2
18
12701
50000
96
3754
50000
50000
50000
50000
50000
50000
50000
50001
50000
8
12094
1725
17455
50001
50000
1033
66
50000
50000
2774
50000
16557
50000
50000
270
50000
50001
50000
50000
50000
431
50000
50000
104
1
1
50000
109
346
50000
50000
50000
50000
8
50000
50000
1133
50000
50000
3
50001
22
50000
39906
50000
513
50000
25
50000
50000
62
50000
953
50000
50000
50000
516
50000
50001
100
1
50001
50000
1425
50001
50000
50000
3
2
50000
50000
253
1
50000
50000
50000
50000
50000
4
4415
2422
50001
1538
50001
50000
50001
62
1
129
50000
50000
50000
50000
2
50001
50000
50001
4275
50000
4909
184
1
50000
50000
50001
50000
877
1
50000
50000
50000
3151
50000
50000
50000
9536
2
50000
50000
50000
50001
1284
29971
19
2
258
50001
3241
50000
50000
1
50000
50000
39
9684
14915
1257
50000
31947
50000
13111
955
7763
50000
7614
50000
28
246
774
50000
50000
48
50000
50001
50000
50001
2414
50000
2
2225
50001
3
1
50000
50001
9
50000
6724
50001
50000
50001
1
2127
50000
39331
3008
26
50000
273
14591
43516
1123
13
50001
3214
50001
579
1
50000
50000
50000
50000
50000
50001
50000
9
15
50000
50000
535
50000
50000
389
4585
2333
169
50000
50000
50001
227
1516
50001
50000
752
50000
23235
2
1
110
311
20
8285
50001
3
1
1270
50000
2347
50001
50000
50001
35681
50000
3
50001
50000
9573
123
50001
285
11
50001
50000
19119
50001
50000
50000
3456
1
294
1
1
50000
50000
2074
50000
21
1
9
50001
90
50000
50000
50000
1009
50001
7
20
746
24235
9420
50001
1
50000
1
65
50000
5
82
2201
10760
442
50000
50000
50000
50000
50000
48624
395
50000
1
4
50000
15
50000
1066
50000
50001
50000
50000
50001
50000
4
1
50000
50000
50000
6
50000
50001
50000
50000
50000
7153
4960
8632
7
50000
18995
50000
16
50000
8
9
1
2012
50001
1
806
975
7
50000
31
45
50000
50001
50000
50000
394
1794
50000
50000
50000
1
50000
5
50001
49534
164
1
50000
1
1
50000
102
50000
1
50001
26593
50000
50000
42661
50001
50001
50000
8
50000
21
19856
2
18
50000
37111
4526
50000
50001
806
50000
247
31
50000
13380
50001
805
93
50000
50001
50000
14
50001
50001
1
402
50001
50000
50000
7
11
50001
6
50000
161
50000
1
33
194
50000
50000
4
3
439
50000
46145
50000
50000
1
886
32
3807
50000
4
102
4
1
50000
50000
50000
311
10046
1600
50001
50000
1
20
4
27
761
50000
50000
20399
50000
5
50000
50000
8854
1
162
50000
50000
3
13126
50000
8439
50000
593
50001
50001
286
13818
50000
1
50000
50000
4
57
291
19199
2
35397
1397
1
46
50000
18543
50000
1
157
50000
50001
50000
6983
50000
50000
50000
50001
2214
50000
50000
40
486
6
12
22
182
50001
50000
50000
50000
50000
50000
50001
85
50001
53
50000
50001
559
50000
2864
50001
99
22149
7
50000
50000
1
50000
50000
3774
50000
50001
50000
17427
12
50001
50000
1
512
1
50000
50000
50001
50000
711
50000
181
50001
6
50000
163
4
50000
50000
50001
50001
50000
1
50000
2094
3
50000
1913
50000
4162
40
1
50001
50001
1
286
50001
8759
38
13
10
1
35613
50001
40
50000
670
12
50000
50000
50000
50001
50000
50001
11
1
18
50000
50001
50000
8
13995
50000
1
50000
46
50000
112
8
50000
424
50000
900
1
50000
5358
50001
50000
50000
50000
1
19
2050
50000
50000
50000
50000
50001
16
50000
50000
50000
50000
50000
85
9
494
29
24541
50000
50000
14806
28648
50001
50000
2384
50001
26
1
50000
50001
50000
50001
166
50000
50000
50000
50000
50000
50000
50000
7482
225
50000
6
50000
3
5247
50000
2
50001
50000
50000
1
50001
50001
1079
50000
5349
50001
1
50001
6
50000
7
14433
50000
50000
5002
50000
27
3882
50000
1199
807
50000
5
2823
50000
5026
8
1
50000
5424
50000
48966
50000
752
50000
50000
4
50000
50000
47
1
1
5517
22937
50
22
50000
2
50001
7462
50000
50000
50000
50000
50000
568
50000
50000
50001
50000
50000
50000
50000
154
1071
50001
50000
7586
10792
50000
5
50000
39373
8
10
50000
38820
50000
50000
3
11985
50000
3
50001
50001
2
50001
50000
50000
6
15
50001
50001
