50001
50001
10
50000
6
50000
35345
50000
50000
66
302
17216
50000
50000
50000
50000
50000
50001
50000
2
5
50000
1798
50000
50001
50000
6
50000
3
36372
50000
50000
109
50001
50000
20
50000
176
50000
6498
50000
50001
50001
3522
2
300
7
50000
50000
50001
50000
7353
50000
50000
1
1413
1332
50001
8064
654
50000
7794
21
50000
50000
59
40
1391
50000
545
3
50000
50000
3942
126
36
50000
1868
50000
50000
1009
50000
6314
23643
2563
1
50000
50000
50000
50000
1
50001
19
2
50001
50001
39
7
164
1628
3
3
50000
69
189
50000
50000
50000
50000
1826
311
50000
575
50001
1
1
33936
50001
50001
50000
50001
164
50000
50000
5072
1
50000
50000
50000
277
8
72
18
50000
50000
1206
50000
1813
1
50000
1524
2
50000
18705
144
50000
50000
50000
50001
50000
50000
2
50001
50000
44624
50000
50000
50000
315
50001
47
1
31513
125
50001
50000
50000
21
50000
50001
2
6
4094
50000
595
1
50001
40767
50000
50001
9
50000
2522
18
359
13
287
1
50000
4
50000
25
1
50000
50001
50000
50000
50000
50000
50000
50001
50000
39758
50000
5
1
50001
50000
50000
15208
50000
50000
46488
1
2177
50000
14
50000
293
50001
241
50000
18
50001
50000
1159
50000
39
50000
887
50001
50000
50000
49
50
2221
20
6
16
1534
1
50000
1
50000
50000
50001
63
15
50000
3737
1
50000
50000
4594
11897
1
1907
12
114
5
69
50000
50000
50000
3696
50000
28
50000
50000
50001
3
3
713
50000
50000
7885
50000
595
50000
50000
3070
1
50000
1
50000
1
50001
25
50000
50000
5145
3
50000
50000
3281
594
50000
66
455
1
16
75
4
24
2
50000
50000
50000
50000
50001
50000
28264
50001
22
50000
118
1318
50000
50001
3318
50001
1647
1
7059
50000
50000
960
50001
50000
50001
50001
50000
1672
197
50001
50000
1254
50000
14454
50000
50000
50001
2975
50000
50000
174
50000
21522
8
50000
50000
50000
50000
5003
182
50000
50001
16
17
4
5946
962
50001
8150
19
6
1
50001
50000
2864
50001
16
5686
50000
950
40
9
4
41
50000
50000
50000
50000
1
2
48
50000
1130
50000
50000
2
50000
50000
50000
50000
50000
50001
25
50001
592
1
50000
3170
284
907
3
39704
50000
1968
50000
3
12
2
1601
50000
50000
50000
63
50000
8
50001
50000
50000
50000
50000
50000
50000
50000
11230
8
50000
302
41
125
1243
50000
1042
50001
50
199
50001
50000
50000
12
50001
847
7
6007
77
9
145
11441
50000
49
1
4055
50000
4726
50000
50000
50000
4
50001
28829
1193
1
20158
792
50000
311
50000
115
6411
50000
50000
50001
50000
50000
3627
21
50000
50000
7
10
50000
518
13
50000
1
934
108
10
50000
12
50000
50001
116
50001
50000
4
8
1292
1
50000
21347
50000
118
4
50001
50000
50000
50000
1137
50000
50000
109
50001
4
50000
4
23653
50000
50001
50000
46091
36
50001
62
50000
1
50000
50000
50000
50000
50000
37453
50000
50001
50000
32
13
188
20286
36
36667
50000
50000
12175
52
52
8
551
1728
1243
6820
50000
1
50000
50001
1
27879
50000
1498
11
16
50000
50000
50000
3
50000
50001
50000
4
9
1071
1517
50000
50000
22
50000
50001
2
50000
50000
50000
50000
302
50000
10
50000
50000
50000
50000
77
50001
3
50000
95
50000
50001
2
50000
152
50000
50000
50000
1
50000
50000
512
50001
431
50000
50000
13448
1456
6
50001
5851
50000
50000
50001
74
9960
23406
50000
13
12680
50000
50000
50000
6
25
50001
14190
53
1
72
50000
50000
35505
50000
50000
50000
50000
50001
50000
50000
50000
6
123
50001
50001
50001
50000
50001
50000
50001
50000
12
50000
10
50000
50000
872
19523
3308
50000
1
50000
50000
50001
50000
5
50000
50001
50000
2369
50000
1
50000
50001
50000
52
50000
1
8755
50000
50000
50000
37606
50000
93
50000
50000
23020
50000
50000
50000
50001
50000
12579
8
50001
413
50000
50000
50000
4248
14
1
50000
50000
50001
50000
50001
3
1855
50000
3186
50000
22088
50001
19759
50000
50000
50000
50000
15688
50000
50000
136
1
1241
7907
32
50000
50001
50000
391
25193
35
340
383
1307
50001
741
50000
12
281
50000
173
15328
26773
3551
50000
50000
85
812
50000
39380
50000
50000
53
50001
13
69
50000
50000
20
29134
50001
2846
50000
934
50000
50000
340
50000
12
1
50000
50001
1
50000
319
50000
50000
179
50001
6405
1
25
107
50000
1
1
1636
50000
854
50000
39864
50000
50001
50000
32
1
31100
23
1118
9
22
50001
26
50000
50000
5
50000
8755
735
50000
50000
50000
13584
50000
10
12
1
6
833
50000
607
50000
2
2
50001
4
157
837
11435
79
50000
50001
1
50000
50000
13
50000
16557
5
255
50000
50001
2002
50000
2
50001
13
1
1173
2
50000
50000
50000
50000
50000
50000
50000
50001
50000
50001
50000
50000
5
50000
3
777
50000
50001
50000
47
223
50001
50001
50000
50000
256
739
50000
50000
50000
50001
50000
14130
129
50000
50000
50000
50000
50000
50000
50000
50000
50000
50001
1
12
3
1
50000
50000
24322
50000
1242
50000
50000
2
50000
1
12349
50000
912
7862
50000
1
50000
2
97
50000
50000
1
7415
50001
2
117
22183
20696
124
50000
124
50000
50001
4880
50000
50000
1
50000
537
1
50001
19
50000
50000
50000
22117
50001
50000
5735
50000
42
50000
5083
50000
3000
50001
8
50000
50000
158
470
50000
162
6
1
50000
50000
25227
8492
16
50000
50000
50001
50001
3
1
1
1
2
2299
50000
2
10301
63
50001
50000
50000
50000
50001
50000
50000
50000
425
4
24
6643
95
24073
50001
34
1694
1
64
333
25940
15
10162
14267
628
50000
1
50000
131
17511
50000
50000
50001
22
50000
1
15
8311
3848
50000
7
50001
1
4700
50000
1798
130
50001
102
28
1
36185
181
50001
2
50000
50000
26
6
50000
50001
50000
18819
50001
50000
5
50000
50001
321
50000
50001
31
17978
50000
4
6510
7
50000
1627
50000
3
50000
2
6829
1658
50000
1
3160
50000
50000
21283
50000
50000
50000
1
42
50001
50000
50000
50000
50001
2
50000
1
69
50001
418
1
50000
50000
50000
50000
148
47978
30483
1
1
6
50000
50000
48
52
21
94
50001
50001
21
1
50000
66
14
6
119
3165
50001
4719
1
50000
50001
4
2
106
160
50000
9
8
2279
75
90
50000
6220
50000
8662
50000
50000
6
50000
11
1
50000
13
50001
50000
50000
50000
79
1
50001
50000
947
50001
50001
1
50000
1
6
50000
667
50001
19919
50000
50000
50000
126
409
50000
11
3
50001
50000
132
50001
50000
1
50000
2
8633
50000
1
31
50000
159
49096
50000
50000
2
50001
50000
1047
729
67
1
50000
50001
50000
50000
1002
50000
50000
50000
4
50000
12
4
50000
5
9
50000
23
5
50000
50001
2
45
5683
1389
50000
49
50000
50001
50001
46
18527
8445
50000
1
14
68
50001
2
77
419
100
6949
1
50000
149
342
1
50000
50001
1
5
2
50001
346
50000
50000
17
50000
2
4
21
50000
50000
50000
1
50000
181
4
1
50001
50000
50000
72
31331
50000
50000
1
16494
50000
50000
50000
50000
6673
50000
50001
264
57
50000
50000
2
1
25
50000
50000
50000
50000
16
1
50000
143
50000
50000
29908
50000
226
553
50000
339
50000
486
50000
50000
7
50000
2640
50000
1
50001
50000
50000
3
2
32271
1076
50001
9
1
5
50000
1
30
85
50000
19
1
50000
1
50000
50000
2
50000
2077
6
4
556
50000
6335
329
6
50000
9
2
50000
330
50000
50000
16853
50000
29
16
50001
1652
4
5
50000
50000
50000
50000
50000
4
9
50001
8
47553
9
50001
50000
50000
50000
50000
50000
40
50001
50001
33297
53
50000
50000
50000
898
731
50000
50000
1
50000
50000
50000
50000
3
50000
50000
1
8
50000
50000
50000
50000
50000
2
16170
50000
50000
34
50000
414
50000
21
68
23
50000
37330
50001
50000
10717
31415
50000
9437
50001
50001
139
88
50000
1
74
50001
12699
2
50000
5
73
24
6999
50000
50000
72
25
50001
50000
50000
50000
1
50000
2
12
84
50000
42
2045
50000
1
1555
50000
50000
50000
50000
50000
50001
128
5
50000
50000
12
11713
50000
50000
50001
50000
50000
50000
50000
50000
50000
50000
1
294
1
27
313
12
2091
50000
50000
163
50000
24400
1
50001
50000
50000
256
267
50000
15
50000
50000
50000
50000
4139
1
29
1
50000
50000
4069
50001
14
50001
50000
15
1124
30049
1608
50001
50001
7679
1
1
50000
50000
50000
50001
1530
12830
133
50000
5484
12394
50000
216
50000
50001
50000
50001
6
50000
50001
50000
50000
50001
50001
1864
50001
50000
50001
9
1
5
50001
50000
4109
30
101
29723
50001
7188
1
50001
82
60
2122
1
16
50000
15972
12209
2
50000
11036
344
442
50001
50000
1
50000
50000
50001
50001
50000
39
1594
28
50001
50000
288
50000
50000
1
50000
38288
50000
1
30172
50000
457
3
50000
41
132
4784
374
50000
50000
50000
1
1433
50000
5
50000
43013
50000
50000
31983
50000
53
50000
79
2
118
50000
13676
50001
1
50000
50000
50001
362
50000
600
50000
10
3
1
50000
90
26
1497
5
50000
50000
50000
50000
3
50001
50000
50000
50000
19
50000
50000
50000
10561
24
50000
50000
2253
50001
14591
50000
50000
6030
50000
994
50001
1
15
14
50000
50000
10
50000
8918
50000
6206
50000
409
707
50000
50000
50000
50000
50000
50000
50000
50000
19420
50000
18
19733
1
50000
5245
2
50000
1
1
50000
104
50000
50000
50000
10
50000
50000
15
64
357
4
50000
50000
50000
50000
11
50000
8
50000
50000
420
50000
19
5
37
50000
50000
73
1
50000
1
50000
1
50000
50000
50001
50000
4
50001
1
2353
50001
50000
50000
2
50000
50000
50000
11
1
31
23
2
50001
40
50000
50001
1065
87
46468
50001
50000
50000
50000
1
50000
5750
50000
50000
50
50000
1
50000
50000
9
19
50001
25
50001
27119
1
4
50001
25
44080
4000
50000
50000
10808
3
44
50000
5962
31748
50000
50000
365
5
50000
50000
50000
50000
50000
36979
19
155
32
108
15
50000
6
50000
6
50000
50000
5489
50001
50000
50001
559
50001
50000
11386
140
50000
50000
50000
50001
9549
50000
18
2
50000
5
50000
50000
50001
4
1
57
8
50000
50000
1
3
60
50001
50000
494
50000
50000
819
50000
20309
50000
50000
50000
50000
1
50001
92
50000
50000
50000
50000
27131
50000
50000
19
43
50000
50000
50001
8
8
50001
50000
37272
4
50000
50001
50000
50000
18052
1
50000
50000
6
50000
50000
1
50000
7
9
50000
64
141
4
1
50000
50000
50000
50000
1
10867
7
50000
543
14
45
50000
50000
1
232
50000
384
48929
5967
2189
50001
50000
12
43
50000
87
67
2203
50000
50000
50000
50000
22942
50001
1
50000
50000
1
50000
50000
43547
1
4457
1
6
2
50001
2605
50000
50001
378
50000
48
12
50000
50000
50000
102
50000
50000
50001
7528
50000
50000
215
50000
10
1
795
1
32
22
2
50000
50000
2
50000
50000
53
48
50000
172
50001
20055
50000
11
50000
317
4362
19
423
13314
2
50000
50000
9
50000
29
36
101
50000
50001
50000
50000
3916
319
13
50001
6
50000
5542
50000
50000
50000
50000
50000
50000
50000
4
1
12484
18171
50000
4
50000
9
50001
5603
50000
453
2660
50000
50001
50000
7212
50000
156
457
1523
49457
50000
2
50000
37
50001
14582
50000
50001
50000
50000
1
1818
50000
50000
50001
50000
50000
39
50000
26290
50000
343
50000
3658
50000
1
1
1
147
1368
50000
116
50001
50000
50001
2
50000
50000
50000
46598
924
128
4
5325
50000
42
50000
5
4
19
50000
2
151
309
2
50000
1199
50000
50000
2903
50000
8626
50000
240
50001
50000
1385
50001
3
1
36984
50001
31
50000
50000
8930
50001
11626
1
50000
9583
3036
50000
50000
228
1986
65
50000
50000
59
50000
50000
50001
50000
50000
3
50000
50000
50000
50001
50000
50000
50001
12
50000
551
50000
1
50000
50000
1278
1
21
50000
50000
6
50000
50000
50000
2
11
2
20436
13
50001
39
50000
1
2
50000
49
50000
2173
50001
50000
50000
402
50000
50000
29
359
13066
50000
50000
50000
50000
50001
204
50000
50000
130
50001
9
50000
50000
17
106
50000
477
12
50000
50001
57
7690
78
50000
2212
27
50000
50000
50000
2
50001
50000
50001
979
50000
50000
50000
1395
50000
1
355
50000
50000
39
2
10057
1
50001
1
50000
50000
50000
50001
389
50000
50000
50000
8295
50000
1
286
50000
10
1
84
50000
36024
50001
50000
50001
50000
50001
50000
1
50000
11206
50000
50000
50000
50000
139
50001
50000
50000
50000
37
50000
13
50000
14319
50000
1464
50000
50000
50001
1573
50000
1
138
50001
593
50001
448
50000
50000
2714
50000
50000
50001
10869
1
1926
11
50001
705
50000
50000
50001
4
50000
50000
28
72
50000
50000
50000
34688
28
50000
11
50000
50000
7734
50000
50001
2
30
340
50000
50000
50000
50001
2
50000
50000
5
50001
50000
50000
301
50000
50000
1
35787
14
6
8
4
50000
161
5219
50000
50000
50000
50000
324
10
299
50001
50000
43
5637
140
50001
50001
1
50000
50000
50000
1
50000
991
157
3
9
50000
50000
50000
50000
190
50000
346
50000
50000
9
50001
50001
50000
79
50000
50000
50000
2
50000
50000
276
450
49762
50000
1
50000
50001
50001
50000
15
39477
1466
6702
50000
50000
50000
50000
50000
1
50001
50000
3062
200
18
240
50000
50000
1355
50000
30859
1824
4367
4
50000
2
50000
72
49
1622
1
8756
50000
50001
1
50001
50000
50000
50000
103
50000
125
50000
50000
50001
50000
50001
2
101
3
23
50000
50000
11461
14032
50000
50000
50000
50000
26679
50000
50001
50000
50001
50001
2
50001
50001
50000
1
1
50000
22
50001
1
50000
1
50000
50000
50000
140
50000
162
5
28
259
1571
50000
11382
50000
50000
50001
1
1
50000
50000
50001
50001
50000
50000
50000
2159
12899
1
69
8
50000
50000
50000
89
14833
1172
50000
8312
50000
50000
50000
50000
1504
50000
50001
50000
50000
1622
50000
11
102
50000
50000
50000
1530
50000
50001
50001
50000
46967
42836
50000
5041
2
50000
424
6
20
7
13
50001
50001
1629
2
50001
50000
21
50001
50000
50000
50000
7
18
50000
13788
5198
50000
50000
50000
514
50001
7
2455
50000
3
79
420
14
7
50000
463
16
1
41
1
23
5828
30140
50000
188
17
50000
50000
50000
14
50000
50000
50001
620
8027
96
50000
50000
1
50001
50000
12985
50000
50000
118
50000
449
50000
50000
50000
561
50000
1128
9869
7183
1
106
21604
1698
17204
137
50000
1860
50000
1
50000
50000
24766
63
82
50000
50000
50000
20
50000
50000
301
3
28464
864
15
50000
50000
50000
661
36100
50000
33
50000
50000
878
13725
25865
4667
50000
50000
5
50000
50000
461
12729
76
50000
3
50000
50000
50001
28760
1
50001
1
1
2
50000
50000
3
1
15
50000
50000
50000
1658
3
50001
2631
11
2
50000
43
50000
50000
50001
233
50000
2496
49
50000
7
3
2
99
50000
50000
128
33435
50000
72
888
2106
50001
50000
1
12
50000
50000
28
329
50000
960
50000
3
31
5
2
1
5
168
50000
50001
48
50001
16
9261
50000
50000
29
633
42645
85
3
86
50000
11
50000
50001
50000
1916
5
50000
37357
50000
50000
50000
28
1
5122
1
235
50000
1
27703
50000
50000
50000
1
50000
13
50000
50000
26
50001
1
50000
50000
50001
52
50000
50001
2
50000
50000
18596
50001
24183
50000
50000
50000
1
50000
50000
50001
6
50001
175
2
1
50001
2497
50000
50000
483
50000
1983
50001
50000
50001
50000
1094
5
50000
1
50000
50000
50001
420
50000
1350
13018
50000
8
10371
50000
172
50001
50000
50001
545
289
50000
9
50001
1905
50000
50001
1
1731
50000
50000
1
17782
15
24011
50000
50000
50000
167
50000
50000
14
16684
50000
50000
50000
1
231
170
6947
50000
4
50001
50000
2755
1
97
50001
67
50000
5
50000
50000
26
50000
3
7691
1
1658
50000
50000
50000
15
50000
50000
50000
2
50000
12
602
3
50000
50000
50001
39433
50000
50000
50000
2
9863
106
31
50000
6471
1
50000
50000
36
50000
7
50001
50000
577
50000
50000
50000
1542
40
50000
5
4519
50000
13
50000
2514
50000
194
2
74
50000
1
257
226
1
3507
12
50001
9
50001
50000
50000
101
50000
50000
420
50001
50000
4
5
21
50000
50001
50000
50000
1
1
50000
8360
159
11935
4
58
50000
50000
50000
5408
8
50000
50000
50000
7
50000
324
50000
50001
50000
3186
50000
50001
50001
1
50000
50000
50000
50000
50000
1530
30
50000
1
197
50001
50000
23
50000
23053
50000
50000
50000
60
14
50000
50000
5
50000
50000
736
1
23058
18623
50000
28028
50000
50000
50000
10173
50000
50000
50001
177
50001
10217
50000
50001
50001
50001
50001
50000
5462
50001
50000
230
50000
50000
6
1212
50000
2983
50001
5
50000
50000
50000
50000
50001
36
50000
50000
1
99
50001
50000
60
416
50000
50000
104
50000
34591
8
50000
50000
50000
16
1
50000
64
349
50000
23
50000
20393
50000
50
2
417
1
44641
50001
21563
50001
50000
50000
50000
29095
50000
4
1
50000
50000
1
50000
5
42656
1
2990
50000
50000
50000
1
50001
50001
50000
50000
3659
511
6
1
70
6442
1
599
50000
3764
50000
8
50000
50000
50001
317
50000
50000
50001
1
50000
50001
157
50000
50001
481
50000
50000
964
50000
1
50000
1763
4
18
1244
50001
50001
50000
50000
50000
2
50000
50000
50000
43
50000
3
50000
50000
14773
50001
2
159
37617
50001
1
50000
35
50000
50000
2577
50000
61
50000
50000
50001
245
50001
12915
50001
50000
2428
50000
3122
50000
1035
11
50001
50001
50000
51
19027
196
4407
29
50000
50000
13
50000
14868
50001
15
50000
50001
50000
4
50000
2
50000
12
12
50001
50001
50000
1
50000
1
10
50000
1
50000
2
50000
50001
26
697
5
50000
50000
50000
50001
50001
1
50000
1
50000
6241
50000
28
28
1120
5
50000
50000
253
50000
50000
80
624
50000
50000
74
2
63
50001
3
50000
50000
623
50000
50000
28
1096
50000
945
26292
50000
30
124
50000
50000
1644
90
50001
1071
24
50000
50000
50001
50001
36016
50000
801
617
50000
50000
50000
50001
1
50000
7
2
8382
28
50000
4164
50000
1167
50000
2
50000
5852
3
2013
50001
1
16906
50001
50001
1708
50001
50000
50000
71
50001
50000
50001
6
50001
10460
50000
1
1267
50001
50000
50000
1
50000
38
50001
50000
50000
50000
73
4
50001
50000
50001
50000
50000
158
50001
40
17867
50000
50000
50001
50000
1
184
50000
5533
55
2
50000
50000
50001
34634
2591
50000
50000
50001
31
50000
50000
10910
10526
32
50001
2849
50000
50000
1
50000
1
50000
50
43768
50000
64
30717
1848
2911
50000
9
44959
1258
50000
960
4996
50000
50000
800
2
12
50000
50000
50000
562
50000
10488
33733
488
1
18925
50000
50000
1429
50000
50000
1
50000
50000
29086
50000
50000
791
50001
50000
26
27153
50000
1044
50000
50000
50001
50000
133
50000
50000
11421
50001
1
50000
6
50000
50000
50000
6
50000
50000
50000
50000
621
245
50000
50000
1
24
1069
50001
70
52
50000
137
23
50001
50000
97
2083
50000
6
2
1
50000
50000
6220
196
1
50000
50000
50001
50000
1229
50000
10
8
50000
50000
1
21
50000
50000
28
648
50000
50000
50001
50001
50000
3180
235
50000
35
53
1
50000
4211
1
50000
50000
50000
22171
53
520
2
50000
50000
50000
50000
50000
1840
107
50000
34114
7
1
50000
50000
50000
50000
1
50000
531
50001
17614
8
1223
101
763
43
22
6756
50001
4
12
50000
220
1222
50000
1308
50001
4
1
5087
50000
50000
50001
50000
35102
1
50001
50001
80
2194
370
8982
581
50000
50001
50000
3907
25
1
50000
50000
50001
11
50001
50000
50000
228
2
50000
2761
18
1
50000
8
50000
50000
50000
35
128
20
21773
675
1034
50000
50000
2356
83
2609
50000
50000
50000
787
50000
50001
468
4
50000
50001
50000
50000
50000
50001
26
17
1
50000
50
50000
50000
50000
1
53
8963
50000
14
50001
4494
50000
24
1
622
26
3
50001
50000
50000
9852
1
46
51
2
9604
62
3970
8884
50001
82
50000
50000
50000
50000
30
75
123
50000
52
50000
50000
50000
50000
2921
50001
50000
50000
50000
12
29
42
50000
50000
1158
5845
50001
803
21440
50000
50001
50000
173
1
341
50000
11673
241
12
1
1
3
50001
9
50000
36
1
15352
50000
50000
50000
50000
50001
50000
50000
50001
7
50000
5
50000
50000
5
1
108
50000
50001
4
50001
27
21890
50001
198
21
50000
50000
50000
50000
50001
50000
146
50000
50001
9
50001
2780
50000
50000
50000
50000
41
50000
50000
312
50000
50000
8429
4
50000
50000
6
50001
50000
91
88
1793
50001
50000
2
50000
1
50000
3
50001
50000
50000
1075
1
50000
2
50001
1084
389
50000
50000
50000
50000
79
50000
92
50001
50001
210
7657
1
1
50001
50000
38259
59
33457
50000
50000
4643
23797
50000
31079
50000
50001
50001
8
4961
50000
50000
50000
50000
50000
50001
50001
318
18018
50000
3
50001
3
4
50000
2
50001
79
50000
154
22104
29
50001
50000
50000
988
8
71
50001
50000
50001
10898
50001
1
21
25
50000
6860
50000
50001
26
34797
43
686
50000
50000
27
50000
50000
50001
426
129
50000
50000
50001
17
50001
50001
1
1776
40182
50000
17187
50000
50000
50001
50001
5
50000
50000
50001
46
20
1939
50000
3561
50001
50001
50000
50000
50000
1234
50000
50001
339
125
50000
10958
7426
50000
50001
50000
2
1
50001
275
50001
1743
50001
50001
50000
168
20637
50000
50000
6
50000
32
6
19875
50000
8
1
2
9206
50001
50000
1
50000
50000
50000
3805
73
10
5
760
50000
349
50001
50000
420
7217
50000
50000
50000
939
272
24318
2335
64
50000
50000
36548
2
50000
48
50000
99
7
50000
1196
50000
50000
6807
50000
2925
15357
21327
3
540
13253
50000
4690
16680
50000
50000
50000
50000
5861
461
50001
45026
138
547
50000
1
50000
50000
50000
3049
50000
50001
18465
61
50000
50000
138
6864
50000
398
7
50001
1
50000
50000
50001
50000
50001
50001
50001
2
71
50000
50000
50000
16
50000
108
50000
1
262
50000
50000
96
4
26276
1
39423
4
50000
2
2
19082
23
32
49751
50000
50000
1
431
50000
50001
50000
50000
13110
50000
50000
50000
50000
16008
23
282
50000
23121
5
2
4277
50000
6
1
50001
10
50000
1
1099
129
2
39
1
4744
1
50000
50001
50001
276
50000
5
50000
50000
52
50000
50000
45
50000
50000
19751
50000
1004
50001
170
50000
50000
1753
93
50001
10
6143
2
50000
3
1
1
50000
50000
91
50000
4
6039
21
50000
50000
5895
5
13
196
50001
50000
11735
798
7251
2
110
25
50001
1380
50001
223
1
50000
3
19
1
216
1
50000
50000
15369
50000
50001
50000
24
50001
50000
12
50000
50000
200
7
50000
50000
4
8787
50000
508
50000
33
50001
1
50000
19160
50001
50000
50000
19
2
50000
224
1878
50000
3838
40
1
2
8
23980
46
1
117
6
50001
50001
50000
872
50000
50000
50001
29
50000
4362
4192
6343
24
19442
50001
50001
50000
2
155
219
50001
4
4
1839
27498
50000
112
50000
16
50001
50001
50000
50000
50000
7
50000
2
1
62
4
50000
6768
458
50000
1
10373
83
1205
9167
50000
6
1
50001
50000
2747
50000
2025
89
158
50000
50000
50000
50000
1
1
50000
50000
4
4290
410
49
49525
50000
8
50000
50000
1
1034
9838
2
2380
50001
1825
50000
11
50000
3
27879
635
704
238
50001
6209
50000
50001
38
108
23
2040
50000
50000
33
36528
2
50001
1912
50000
50000
161
50000
50000
10003
1
50000
1
48
1
50001
5
1
50000
50001
11226
50000
4
140
25
50000
50000
50001
1
1307
72
50000
50000
50000
50000
9
6190
50000
4
50000
4554
1
4
50000
6874
91
2528
50000
19036
50001
50000
50000
50000
50000
2198
50000
50000
50000
50000
50000
42
50001
1518
50000
50000
5040
50000
50001
656
50001
13
50001
4
10
50000
1
52
668
50001
37
50000
50000
43
1
50000
50000
50001
50001
50000
50000
1
25
2
50001
1900
50000
12
50000
50000
50000
1
32
254
50000
72
223
50000
50000
50000
62
50001
50000
50000
102
4906
1880
23481
50000
50000
22
89
240
2
50000
50000
50000
7993
6
233
50000
1195
8334
84
1
50000
50000
1939
1
12859
4557
17626
37
50000
1
2246
50000
50000
50000
5
50000
50000
331
50000
50000
50000
1
50000
3840
59
1509
3
50001
50000
1
50001
3704
37
1543
13058
30
30582
26221
2
50000
2080
50001
16
37886
50000
50000
50000
50000
50000
50001
14158
46641
56
50000
8
127
50000
50000
50000
50000
50000
50000
50001
2
50000
50000
13303
50001
50001
104
50000
50000
12
50001
50000
13
1
50001
13
50000
50000
50000
50000
50000
50000
50000
50000
87
50000
912
50000
44511
2383
50001
3331
50000
131
50001
50000
50001
50000
50000
693
358
39
50000
30941
50000
30
1
41
2
50000
305
50000
598
50000
50000
50000
12323
14
98
50000
6
520
18248
50000
50000
50001
50001
50000
50000
6163
50000
50000
50001
50000
50000
50000
50001
50000
119
2
50000
122
202
50000
50000
50001
50000
275
423
5
35
1
3676
50000
50000
50000
50001
50001
50000
29297
50000
9700
9163
221
50000
50000
50001
65
9628
50000
50000
50000
1
50000
7420
50000
9660
1
20877
30
50001
9
2763
101
72
50000
50000
50001
80
29
1
50000
414
50001
50000
42852
2
2
50001
50000
50000
50000
2
1
8
50000
50000
50000
50000
50000
877
50001
50001
1423
72
50001
50000
50000
91
50001
50000
50000
50000
3236
50000
2
2730
1315
50000
2
50001
67
50000
50000
251
78
9395
50000
1
231
5686
50001
50000
261
6
62
7
6
145
14665
4
2
1
50000
2
1314
2
50000
1
50000
64
2
12
50000
50000
50001
50000
50000
12442
50001
50000
50000
1082
50001
151
14118
1
50001
1
50000
2
50001
50000
9362
50000
234
295
8975
1
50001
50001
13755
50000
50000
50001
50001
9
50000
50000
101
595
3
50000
50001
29
74
50000
50000
50000
3241
50000
4
44
9489
39
50000
14210
9
50000
29
50000
50000
134
50000
1
50001
4
50000
50000
50000
50001
27070
769
50000
1
50000
16
50001
200
206
510
50001
50000
50000
118
50000
50000
367
50000
982
50000
2
27
50000
1
26808
50000
50001
40
1
44
2
495
50000
50000
50000
50000
280
50000
1
50000
145
4185
1
50000
50000
1471
50000
1
37
4
50000
50000
50000
50000
50000
3234
45
5822
1
50000
50000
50000
50000
50000
37956
1835
55
50000
50000
3011
739
240
50001
50001
50000
50000
50000
2640
2
19
1649
50000
50000
50000
50001
37
50000
50000
50001
1
5
35045
1757
6140
261
24088
1
211
2412
1
50001
11
50000
50000
40981
194
50000
1220
50000
1
979
50000
50000
50000
4
50001
1
50001
50000
586
1
2380
50000
9091
50001
87
50000
50000
604
1
50000
50001
50000
50000
6
149
47
50000
50000
5
2
50000
50001
50000
1
50000
50000
50000
50000
21911
939
70
50001
2668
2
79
50000
50000
50000
447
40
246
50000
50001
55
50001
50000
50000
50000
404
50000
1
50000
50000
50
2
50000
50001
50000
50000
83
3100
50001
148
1
50000
1288
50000
50001
50000
56
9518
50000
2
50000
5
50000
788
4433
214
50000
50000
50000
50000
50000
50001
50001
34698
50000
284
50000
10666
50001
50001
1
50000
39795
50001
50000
50000
50000
50000
50001
50001
50001
1
50001
251
50000
50000
4
50000
50000
50001
50001
894
50000
48859
23741
35
50000
50000
50001
694
50001
10
1
22
46223
50000
916
50001
50000
50000
50000
50001
42027
48
74
1
50000
50000
50000
37
50000
11
12
1699
8
1
2
230
50000
50000
50000
50000
50001
50001
4082
50001
50000
1
2
773
50000
50000
50000
50000
1
1
4
50000
6
1
28383
50001
50000
24839
8
50001
50000
2060
50001
50001
50000
2
6234
50000
6
50001
8687
50001
50000
50000
16
3
50000
50000
4
50000
50000
35
10
50000
1
50000
44
5
50000
50000
50000
7082
1
50000
50000
50000
50000
781
3
50001
50000
50000
46000
13567
552
50001
50000
50000
50000
1036
6725
50001
1
63
50001
8
8
47
50000
50000
7553
50000
50001
382
50000
6
7
50000
50000
1431
50000
50000
36
50001
485
50000
18901
50000
1
50001
10318
50000
50001
50000
40
40532
50000
50000
2481
50000
50001
50000
50000
60
15
16558
1076
50000
1
50000
50000
50000
4
50000
50001
2
9
50001
1
1
31695
50001
1
3
50000
1592
50000
50000
50000
50001
27
50000
25870
302
50001
7
50000
50001
50000
50000
1312
50001
6641
50000
375
50000
50001
16
50000
3
342
50000
18251
1
50000
10857
50000
4430
50000
50001
44313
17
89
50001
50000
15
3
193
50000
256
50000
50000
50000
50000
3
34216
50000
19
50000
50000
50000
50000
50000
31799
1
1
254
50001
1
50000
50000
1
1
50000
50001
50000
50000
50001
50000
9
50000
50001
50000
50001
2578
50000
26564
13113
34
18
7
50000
24566
1
50000
50001
4
10
128
28644
50000
50001
50000
50000
775
50000
50001
3
50000
32
1017
50000
4282
10
3
50001
152
50000
50000
145
1
50000
50000
6
50000
38
50001
52
50000
2666
50001
9004
50000
50000
117
50000
96
1
12
3
42
50000
72
5
50000
50000
2
21
3902
50000
50000
289
50000
50000
24873
50000
22601
50000
50000
50000
719
50000
59
50000
50001
43
2
50000
50000
50000
50001
50000
1
4066
50000
50001
26684
23
50000
50000
11
50000
92
50000
50000
12
50000
17992
50001
50000
125
50000
4097
50000
402
2451
50000
8
32839
50001
50000
50000
64
87
4
50000
50001
2
16
32
789
50000
50001
50000
50000
2
50000
50000
41117
50000
97
50000
50000
50001
50001
50000
3
50000
50000
98
24
24300
50001
50001
505
50000
41
46
249
41
50000
10897
50000
50001
50000
1
575
66
42235
3
8699
50000
50000
106
597
50000
50000
50000
50000
368
50001
50000
3
5
121
50000
50000
652
50001
190
50000
18444
173
3094
7443
3971
50000
3006
50000
50000
50000
197
130
50000
50000
50000
14
50000
50000
50000
221
50000
50000
50001
50000
50000
3256
50000
50000
50000
7998
5
3
50000
50000
7
50000
82
50000
4908
32631
50001
1060
50000
1405
1247
50000
2
7982
40349
851
51
50000
4
50000
1
50001
1
50000
7
1
16
50001
50001
50001
50000
1
1
50000
1
3
1
50001
491
47367
50000
4898
1
50000
50000
18753
50000
50000
2
50001
21863
510
50001
50000
50000
1
50000
50000
296
50000
50000
50000
50000
238
50000
146
50000
25
279
27288
5
5855
312
1623
6
15
50000
50000
5376
15670
2
24
50000
50001
50000
50000
6
50000
1
50000
68
50000
6
93
1
1
84
50001
5252
50000
70
4
2
7
50000
50000
50000
50001
50000
2659
50000
8
50000
50000
1
50000
50000
50000
50000
50000
50001
50000
50001
10
2974
4
49389
50000
23
50000
50000
35038
858
50001
50000
50000
50001
57
5382
53
50000
1
16
50000
50000
1
3233
1
4174
15
52
438
30154
50001
284
30512
24047
50001
2
17009
50000
50000
50000
50001
50000
64
18
14
50001
50000
50000
50000
50000
50000
6583
50001
23
1
106
920
31
50000
6337
50000
3
19
24286
50000
6
18453
4397
37212
50000
50000
1131
50001
1696
1
27
50000
50001
50001
50000
50000
50000
50000
50001
2740
50000
50000
75
50000
50000
50000
50000
50000
14
3
182
52
50001
730
50000
5
50000
10
50000
6585
50000
6105
67
50000
12
50000
11
1
50000
50001
50000
78
3112
50001
50000
50000
50000
50000
50000
50000
50000
228
50000
2
50000
56
71
50000
10613
50001
50000
3075
50000
6927
15405
55
3984
1
50000
5
50000
174
1175
7
50000
50000
50001
50001
13
11
8983
50000
24
683
321
50000
50000
50000
50001
50000
50000
50000
50000
50000
50001
50000
50000
50000
992
7058
68
50001
1
50000
50000
50000
1
50000
5938
50000
1775
107
50000
50000
50000
56
493
1
23
50000
50000
123
1
50000
802
50000
50000
50000
127
50001
7888
55
50001
45320
50000
5623
235
12
42
17804
50000
4612
1
7
50000
116
6
1
50000
15
50000
27
1717
13663
50001
50001
50000
176
50000
79
50001
50001
50000
50000
50000
50000
50000
50000
27
50000
2049
1
827
50001
50001
42206
2
50000
50000
100
50000
50001
4460
50000
689
50000
7821
50000
2
20226
823
50000
50000
50000
50000
50000
870
50000
50000
50000
10
7257
48848
50001
50001
757
2
1
50001
1651
50000
66
50
2140
50001
500
1
50000
3
50000
50001
50001
50000
50000
50000
50000
50000
32
319
50000
2
50000
76
50000
50000
50000
50000
1
319
17
1801
50001
50000
19
50001
50000
50000
828
50000
50000
50000
71
50000
20
50000
8096
50000
50000
12253
50000
50000
527
50001
50000
50001
50001
1
67
50000
50000
1
50000
1
50000
50000
1
50001
1
489
2
50001
4
50001
50000
50000
50000
50000
47307
50000
9746
17
18
50000
50001
50000
15580
50001
50001
5
50000
50000
1969
50000
50001
12
2318
3
50000
50000
6979
2768
50000
50000
102
17254
50001
50000
50000
4
50000
35
50000
50000
50000
12326
552
19
5
50000
50000
739
50000
50000
50001
1
220
2599
50000
4
26
50000
44449
1
50000
50001
50000
210
50000
1
50000
1103
50000
50000
50000
3
32
50000
197
50000
50000
50000
50000
1
50000
37
1
50000
104
417
1
50000
50000
50000
50000
39
50000
266
50001
50000
50000
88
13054
4
50000
20529
574
2172
50000
50000
35
1
50000
50000
1143
28
2
50000
784
4878
50000
50000
50001
50000
50000
18272
50000
192
50000
50000
18136
50000
50000
50000
271
50000
715
486
349
1
49
350
50000
50000
1
50000
50000
24347
559
50000
50000
27
50001
4423
50000
50000
50000
50000
1
50000
50000
50000
24222
6
50000
4006
50001
2
50000
837
50000
50000
50000
50000
148
50000
27229
1
50000
50000
50000
50001
25789
116
319
22156
1
50000
50000
50000
961
12495
2
1
50001
50000
32
1
929
2711
454
50000
50000
50000
50000
665
30
50000
50001
50000
50000
50000
50000
16
4
30
2
2
50000
2120
50000
1
50001
50000
21182
2574
1
50000
50000
1
50001
286
6
50001
33
1
50000
3091
1
1975
50000
50001
50000
50000
50001
11
50000
50000
50000
50000
50000
17
3069
50000
60
18256
50000
794
4
50000
50000
553
304
50000
2
67
165
1649
50000
88
50000
50000
1
334
15
50000
50001
8
1
50001
50000
50000
14275
50000
50000
16
50001
50000
50000
1594
50000
411
50001
91
1
6432
4
5
50000
50000
2421
50001
20396
20
50000
114
19
50000
57
1
50000
50000
50000
50000
50000
50000
254
3
493
67
50000
14
50000
4
50000
50000
19
50000
50000
50000
50000
50001
1
1
50000
50001
50000
16
1
50000
770
50000
50000
50000
273
13643
23219
50000
69
50001
50001
50001
50000
219
50000
1
26
50000
1
50001
50000
4762
1599
50000
13
19752
1572
1
50000
50000
50001
3284
50000
1
50000
48794
50000
50000
50000
50000
529
50000
50000
50000
50001
50000
19583
42764
50000
50000
50000
9
50001
50001
14
35784
4
26
50000
50000
13342
1
1
50001
50001
50001
50000
718
31
50000
50001
18
33267
29
50001
50000
50000
50001
28
50000
3
17
846
50000
50001
50000
50000
41
50000
50000
22
50000
50000
50000
50000
35768
478
105
693
50000
1
50000
50000
1
23281
50000
50001
2913
50000
286
7
50000
455
133
50000
2
50000
50000
50001
19
2
1
1
31
25197
50000
8
562
43298
1
50000
50001
289
50000
50000
50000
153
50001
50001
1044
50000
50001
50001
50000
50000
11
12
64
50000
865
50000
50001
50000
1
7
50000
2
14957
50000
50000
11025
1
1113
2
16
50001
50001
50001
50001
186
50000
154
2937
258
50001
50000
50001
50001
15291
50000
1
50000
50001
183
50000
347
617
1
15311
50000
10503
50000
1
12791
1
315
50000
288
50000
50000
50000
7
50000
1
35487
50000
682
1
18287
1190
50001
38
5
44029
3466
50001
50001
421
75
50000
3149
5
8
50000
2310
543
14892
50001
50000
5691
6
50000
50000
50000
8750
50000
50000
9723
50000
50000
50000
50000
1
141
50000
50001
50000
95
204
50000
50000
1
50000
50000
43
30
15
312
14190
50000
50000
50000
50000
601
1
1
50000
69
4094
50000
2481
1379
50000
50001
50000
48701
50000
50000
2
50000
165
1
50001
12484
24
13389
50000
50001
23767
43
50000
50001
50000
20
50000
233
50000
11
50000
50001
1
50000
70
6
50000
5402
50001
13375
50000
50000
39
1325
40133
50000
50000
11891
50000
50000
96
10093
50000
2
28548
9996
50000
50000
7806
69
50000
50000
1
50000
50000
50001
1
50000
50001
50000
50000
50000
50001
50000
1
50000
14
3757
2
1
50001
50000
31
50000
50000
24
266
1902
50001
50001
50001
50000
23
409
50000
6924
50001
184
50000
50001
545
50000
50000
1
50000
50000
50000
50000
50000
50000
50000
50000
190
20551
625
50000
1684
50000
21
256
4
50000
375
4022
25
2
50000
28
3113
49027
239
50000
1
19328
14
95
17562
234
50
3556
24
50000
50000
41
32543
1
22058
50000
50001
50000
1
50000
58
50001
50000
50000
50000
1
1
1
50000
655
448
50000
151
14541
215
1
1
583
50000
720
2
50000
566
50001
50000
41
4942
50000
50000
581
639
2519
10267
50001
50001
9
4
17559
50000
50000
1281
2
50000
50000
50000
216
50001
50001
145
4252
50000
50000
11172
50000
50000
9
1
50000
131
50000
50001
221
50000
14
50000
20354
34
50000
5628
6
1
50000
50001
50000
50000
637
50000
50000
2
11709
50000
7
8
50000
26072
50000
50000
50000
50001
11999
744
2
19375
169
50001
50000
654
50000
3206
50000
50000
662
36
8
9
50000
50001
50000
50001
50000
19
50000
2
50001
50000
50000
1
3
7
50000
50000
50000
50001
33
3
1
1
50000
50001
30
2
2898
50000
1307
142
1934
50000
9991
2
50000
50000
50001
50000
182
24854
50000
50000
50001
132
20291
50000
47
13505
1364
50000
50000
7
50000
21020
33
50001
50000
1885
19
50000
50000
50000
50000
12
50000
50001
50000
1048
50000
50001
50001
50001
91
50
5481
14568
12
50000
50000
50000
50000
50000
50001
50000
9
369
249
1552
50000
113
50000
28520
50000
7297
43
1
10
7
50001
25
50000
50000
50000
4768
50000
23462
5297
3
50001
14721
1
4
50000
50000
233
50000
17
53
50000
1338
2
50001
50000
7592
50000
50000
50000
49
1241
44615
50000
167
76
50000
50001
81
50000
2
50000
3
27552
71
338
50000
3336
50000
50000
50000
1
50000
49
2
50001
2
50001
2
1795
50000
50001
50000
50000
25625
2
26
50000
50000
50000
1709
26
50001
50001
50000
50000
1
50000
50001
50000
50000
3
2418
21552
15951
50000
50000
50001
50000
50000
1
36794
25
1
20
50000
1
498
2
50000
50000
10126
52
50000
2694
37707
2316
1
50000
50000
36
50001
2149
8
50000
50000
4
14465
9515
95
50000
50000
50000
50000
50000
71
7
50000
50000
50000
50000
3
50000
33
50000
50000
50000
50000
5
50000
50000
50000
2
50000
50000
50000
50001
2
50000
145
50000
50000
15138
218
4
50000
2
597
2
50000
50000
50001
50000
289
50000
23
50000
50000
1
10
50000
50000
50000
50000
50001
50000
744
50000
6656
50000
50000
50001
50001
37788
50000
50000
85
50000
1339
27033
1
50000
32533
494
50001
50000
2
8
5
3008
8050
4277
1
1
1
795
16
5
38041
50001
50001
50000
50000
50000
50001
50000
50000
1
50000
50000
6442
50000
4881
50001
50000
50000
50000
2
1
6332
11258
50001
2725
2
50000
1
44843
50000
50001
50000
8906
50000
50000
50000
50000
50000
101
50001
50001
17114
50000
29
50000
50000
1
182
7
50000
50001
50000
50000
50001
46
26
1
50000
50001
50000
18
3483
389
1127
50000
2
50000
18
50000
50000
33
50000
3506
17063
50000
50000
50000
573
50000
16
50000
7832
50001
50001
1014
50000
50000
50000
15167
50001
4943
2
178
2
356
50000
50001
50000
50000
50000
4
50000
5
50001
25282
50000
50001
50000
4
50000
50000
240
50000
50001
50000
50000
7680
50001
2849
6010
7170
50000
440
8785
2
9
50000
1350
50000
50000
50000
50000
50000
7
50001
481
661
50001
1
13
50000
1
50000
50001
50001
3
1
50000
50000
53
50000
385
196
6424
214
21015
50000
940
1
6
50001
50000
1
50000
50000
5702
50000
50000
50000
879
50000
418
28
2636
1
12890
50000
50000
50000
50000
50000
41266
50000
50001
10880
50001
1
15
50001
50000
50000
50000
50000
50000
50001
1370
263
98
50000
50001
50000
5
50000
1
50000
50000
1
50000
717
50001
1
50000
9209
7
50001
135
3215
50000
36
3
360
50000
50001
3622
50000
50000
50001
1
1686
36425
1
34
2
9
50001
16332
50000
5
2
10
2283
50001
205
50001
50000
16
4
50000
592
50000
50000
50000
4
1
50001
50000
50001
1
702
2298
50000
50000
7
4
9642
5900
50001
50001
7341
50000
50000
33245
35
50000
289
50000
1
50000
16
15
7
50001
25568
1
50000
50000
45107
50001
7403
50001
50000
1
13170
167
50000
1778
2
50000
50000
22340
2
50000
10
50001
50001
1027
34184
50000
1
50000
1648
14325
50001
2
11563
53
50000
10045
80
98
49
50000
2649
50000
50000
50000
50000
50000
1
1
1
50000
50000
4
6
50000
1026
50000
55
205
71
2578
50000
50001
50000
1
50001
50001
50000
2
50000
18
50000
50000
50000
88
7
8701
50000
50000
739
5985
13517
38286
50000
19
1
2792
22
50001
50000
50000
50000
116
6
1
50001
50000
2
1
50000
50000
50000
1059
50000
47
50000
1
659
50000
238
50000
2
3
1423
50000
2
885
2616
50001
6
50000
2
50001
7508
119
2081
848
50000
1
50001
50000
5
50000
1
50000
503
50000
50000
4522
2
50000
50000
50000
6
50000
50001
1
1
50000
50001
42621
309
573
2505
3461
50000
52
1425
7
50001
50000
1244
50000
3
50000
50000
38945
4
49110
24
1369
50000
50000
50001
3
1259
42890
10518
1077
198
23856
50001
344
2140
50001
50000
1
1652
1
50001
1
8
50000
50001
291
50000
50000
1
292
26
50000
50001
25
50000
50000
3
50000
74
50001
40690
50001
3
50000
50000
50001
656
50000
50000
50001
49
50000
50000
50000
50000
50001
50000
5
50001
50001
50000
165
11254
2
2
49
50000
6
50001
50000
50001
50000
9501
50001
50001
80
50001
1
422
46
7939
50001
132
12
10847
50000
1
50000
50001
50000
50000
2
50001
33441
37711
50000
69
50001
24318
50001
38747
1
373
101
29717
3
1
50001
50001
977
50000
2
50000
1
330
50001
491
91
50000
9
1
50000
182
91
50000
50000
50001
50000
50000
207
50000
3694
50000
284
50000
2329
4
50000
5022
5
50001
50000
50000
50000
50000
50000
2
24
1505
45
50001
50000
1173
8
50000
50000
50000
50000
50000
10867
50000
50000
14
50000
331
4013
50000
50001
50000
50000
50000
50000
50000
50000
8898
50000
50001
22316
624
2
15
50000
4
50001
1
50000
2
1
50000
40
18761
50000
50000
50000
5
240
50000
50000
50000
50000
1
84
456
554
5
50000
4009
5711
50000
3924
13
23
7216
6
3
12
50000
670
963
156
27
17
50001
50000
6
50000
50000
50000
1
15
50000
50001
50000
50000
1931
50000
50000
50000
2
4
2
35779
1
26138
8270
50001
35290
50000
1552
50000
5
2
14269
50000
50000
50000
657
50000
50000
1
50001
50000
36636
50000
50000
50001
50000
6
50001
50000
50000
485
4
11
48
14019
50000
50000
313
451
5
3986
5151
1
50001
50000
161
22
50001
32121
50000
50001
50000
5
50000
167
5
12
1
50001
50000
34001
711
50000
50000
50001
24101
50001
1
50000
27039
13868
50000
8998
50000
50000
50000
2
1697
1345
2
50001
50001
387
50000
50000
3
50001
50001
1
50001
50000
50001
198
32329
50000
50001
4242
163
3
36269
50000
50000
50000
50001
148
3
50000
50001
3
1
34686
50000
50001
50000
50000
1345
50001
50000
50001
14763
50000
50000
50000
7
50000
50000
50000
9185
50000
50000
361
29
5
50001
1
50000
50000
1901
50001
50000
16
805
50000
19
50001
937
50000
50000
50000
50000
186
50000
50000
50000
3
22
50001
2
50000
3861
50000
129
50000
50001
50000
2
58
8303
1
21
2
50000
2
50000
66
50000
50000
50000
50000
5
41072
20
50000
1
50000
50000
50000
39
4968
14
1
608
50000
50000
50000
50000
25
1
44
50000
50000
50000
50000
50000
2
12
50000
50000
1
50000
1
49
50000
50000
189
50000
1717
244
50000
50000
50000
1
50000
25137
50001
2470
50000
50000
50000
43
50000
5
50000
50000
50000
4
50000
50000
303
2
2622
50000
50000
4022
50001
50001
5
50001
50000
1451
50000
50000
50000
15
50001
878
50000
2
8457
50000
2
1
50000
3
6
50000
182
7
50000
1
50000
50000
50001
50000
50001
50000
50000
57
50000
50001
6
50000
50000
50000
8
50000
913
37278
12
50001
50000
50000
50000
3207
50000
50000
1
50000
50000
5110
50000
221
53
50000
4
42
145
569
17295
1055
171
50000
3
50000
22460
50001
1
50001
50000
31566
50000
30
50001
50000
2249
1325
50000
1
11
46483
50001
115
50000
50001
50000
50000
4
6
50000
50001
50000
2
20
1
30
50000
50000
50000
50000
2156
50000
1
50001
1
1133
374
50000
461
1762
50001
114
50000
50000
1654
98
50000
2
50000
50000
50000
50001
50000
50000
50000
50000
1358
6914
50000
26333
1
50000
50001
50000
2679
2
7
50000
3416
10
108
50000
50000
50000
50000
404
30
1030
1
50000
50000
50000
118
50000
3
50000
50001
50000
50000
5125
8
50001
50001
50000
50000
26146
13
10
5222
8
6668
50001
17540
1
626
18
50000
23975
50000
59
50001
50000
50000
50000
50000
1
1
50000
12579
243
6903
50000
1
50000
50000
50000
36
11
50000
1172
50001
50000
28022
2
50000
32593
26959
50000
50000
50000
209
24721
4
50001
50000
50000
50000
67
50000
8
3
50000
50000
50000
50000
1
50000
50000
131
50001
50000
4
1
50000
6
207
50000
50000
336
50001
50000
50000
70
50001
50000
901
333
15450
149
34308
299
3
50000
50001
263
57
50000
50001
3790
50001
50000
14108
1
1
50000
9
1
50000
50000
3129
57
2
1341
50000
50000
50000
11
825
1287
7
760
50001
50000
614
16
50000
50001
50000
2643
90
50000
50000
50001
998
1894
516
1026
50001
305
50000
1
14
1731
50000
50001
16
50001
50001
9
50001
1423
50000
50000
50000
50000
208
50000
7402
2192
455
50000
50000
50001
4
50001
50000
50000
50001
10
23
11744
50000
4997
50000
50000
11
303
11
50000
50000
50001
16
5
5
96
50001
50000
50000
25
50000
6
1
37836
50000
19
1912
50000
50000
138
13379
1
50001
50001
138
50000
50001
50000
50000
50000
392
41
1
7
18
50000
50001
13111
38540
24
50000
50001
1
50000
424
1
50000
50000
5251
4
50000
1
65
46
10
50000
2
50000
50000
50000
50000
50000
1
50000
10240
50000
1058
1
33
50000
871
50000
12
24
856
50001
29739
50001
505
50000
50001
6108
181
3
9
218
50000
50001
50000
47
1
23
50001
50000
50000
50000
2673
50000
5361
16
50000
50000
1875
50000
611
50000
50000
50000
591
50000
50000
50000
50000
277
50001
121
35723
2401
50001
1
3546
50000
50000
2
206
13
4
790
50001
23
50000
182
2290
13
50000
50001
50000
3
16910
50001
1
4
50000
4725
50000
25
10051
50000
50000
50001
10
75
50000
50000
50000
50000
50000
48
50001
50000
50000
50000
50000
3
179
50000
50001
27383
906
50000
50000
1466
653
1
1
50000
4
50000
50000
6981
9528
52
116
50000
50000
50000
1
1
50000
50000
28
1058
205
50000
1
428
50001
692
50001
6
4
32848
50000
50000
5
12
50000
50001
5549
50000
600
1
1
50001
205
2
20
50000
13021
10435
50000
1
50000
4684
50000
50000
2
18938
1065
1094
1238
50001
50001
1
13667
43
50000
50000
302
1
50001
916
50000
888
50000
2958
71
196
1
50000
50000
30939
50000
2
6486
132
164
8
653
50000
4
50000
50000
50000
50000
373
50000
50001
50000
50000
50000
50000
50001
50001
50000
45
50000
50000
50000
50000
547
50000
45354
126
1301
50000
50000
1
50000
50000
50000
1
50001
50001
50001
10
50000
3
4
50000
50001
6
4
50000
1
1
50000
50001
1
50000
50000
22
1724
2337
50000
1
50000
1
50001
1
1
29087
50000
84
50000
50001
50001
50000
4
50001
50001
4001
50001
39274
34
50001
50000
50000
221
50001
50000
2
50000
50000
523
50000
50001
50000
28
1
1
50000
50000
612
50000
50000
50001
1
50001
50000
14795
4
50000
50000
175
219
533
6002
39742
1
50001
10320
33399
50001
50000
461
50000
50000
50000
45977
50001
2172
50001
36717
50000
50001
50001
1333
2
50001
50000
50000
50000
501
50000
558
50000
2
50000
1
50000
24315
50000
50000
271
50000
12
50000
49355
2
7
104
50001
50000
50000
1222
3402
1
50000
50000
50001
50000
46
2
50000
1372
97
50000
50000
115
3
4407
50000
7114
50000
50000
2
50000
1
25954
34669
7
11
1
50001
50001
50001
50001
1
5
50000
50001
50000
11
2
50000
50001
50000
50000
50000
50000
50000
8
50000
7
1895
50000
6851
719
2
11145
50000
50000
15
50001
50000
1
8542
50001
11906
50000
1
50001
50001
50000
2410
13
2004
245
50000
9853
1
50000
13254
5367
2
50000
50000
50000
50000
50000
50000
50000
50000
50000
1
45
45
50000
50000
1
1
50000
25745
50000
3855
50001
24
12
6167
22
1070
15
50000
123
50000
50000
9476
50000
2773
50000
38764
50001
15
30695
1899
50000
47615
50000
4440
14099
50000
684
25117
2
810
50000
319
21
50000
50000
129
1
50000
50000
50001
19
50001
23039
263
2130
50000
2
50001
50000
50000
50000
22315
125
50000
50000
50000
1
50001
276
50001
274
146
50000
3687
50000
50000
50000
50000
91
50000
1
50001
869
50000
50001
50001
50000
1
1
2
7255
50000
50000
92
50000
50000
50001
8
252
358
50000
50000
50001
4942
50000
50001
24
50001
50000
50000
1
50000
15
50000
4637
50001
156
50001
1
50001
50000
15047
50001
802
255
50000
50000
2582
17555
562
2
50000
50000
50000
7180
50000
1
50000
2663
796
7
50000
78
50000
50001
50000
4158
5464
50000
5
50000
50000
1
71
50000
50000
6
1
50001
50001
2
8647
1
3
4
50000
21121
50000
50000
1908
50000
50000
13380
50000
25187
50000
2
50001
50000
50000
1
2347
482
29
169
7
528
166
50000
50000
50000
13
50000
1
50000
2582
3
50001
50000
50000
1
2864
50000
50000
50000
50000
50000
50000
50000
1
50000
50000
1
50000
50001
445
4
50000
1
50000
50000
50000
50000
50001
50000
50000
28936
50001
50001
50000
50000
9
50000
50000
1
222
1594
50000
50000
234
50001
1
230
2
710
38611
50000
50000
50001
1401
50000
50000
50001
50000
50000
19696
50000
50001
50001
5
170
50000
50000
63
26856
50000
3
1313
50000
141
50000
2
120
50000
50000
11
3234
94
402
458
15
50000
43485
2757
65
2
50000
1
2193
1
2
47843
50000
4
1
50000
42
66
50001
50000
50000
18285
50001
13
19
50001
50001
50000
1764
2
50000
40
23
11
35
50000
295
28
5092
50000
50001
50000
50000
50000
32502
50001
50000
1
50000
50000
3
50000
25141
50000
1789
155
50000
50000
50000
50000
221
50000
50000
2
50000
2255
50000
50000
1013
50000
1304
4534
1
50000
50000
50000
50000
1
50000
4297
1
50000
50000
1
50001
50000
21100
50000
50001
57
2078
2301
50000
149
1191
50000
10371
302
50000
2
16
6
4715
50001
700
50000
50001
50000
7
8
927
8
50001
1
50000
10
4
50000
50000
50000
50000
50000
50000
6
50000
50000
744
50000
139
1657
50000
8041
34
82
50000
8453
50000
8622
3518
50000
566
50001
50001
1
2794
50000
50001
2
50000
50000
50000
50000
11228
50000
33595
50000
50000
50001
50000
50000
36
21495
50001
50000
92
50000
46
2
50000
778
50000
50000
24
50000
1036
50001
50000
50000
3565
257
50000
50000
14
50000
5103
50000
50000
50000
494
50000
1439
57
50001
12694
12571
1090
50000
50001
50001
50001
50001
1
50000
746
34052
50000
10
50001
1
50000
7
50001
50000
990
50000
50000
50000
49
50000
17296
50000
255
50000
21178
255
1
17
4318
5
159
1
50000
50000
50000
18
50000
50000
1343
50000
4
9
54
50000
84
1
1419
1940
50000
50000
17667
50000
571
57
50000
50000
50000
805
50000
50000
1525
50000
10
925
50001
1066
23
50000
50000
50000
50000
1
50000
2356
50001
12432
50000
1
50001
16861
50000
50000
50000
50000
4199
50001
5
48
50000
50001
1080
50000
18230
50001
50000
50000
50000
1
50000
105
50000
50001
50000
50000
50001
21446
50000
260
19431
24
50000
43
50001
50000
50000
50000
50000
50000
50000
17809
1
50000
1635
3701
50000
50000
50001
1009
597
4
50001
50000
50000
50000
50001
50001
50001
50000
50000
26
3922
50000
2120
50000
3833
50001
3
2
50000
112
2
50001
19
5
19486
1
50000
50000
50000
20
177
353
50000
50000
50000
50000
50000
18072
17456
236
50000
11
50001
50000
963
50000
2
3
19872
50000
1319
50000
9
50000
5
30336
1
50000
1
3900
50000
50000
47
50000
189
28
50000
23001
43
50000
2
1
24
50000
17666
197
2386
663
1
1
10
7489
50000
50000
120
21691
50000
50000
50000
50000
50000
50000
23
13975
18
50000
50000
9029
12575
40
13
28418
50000
5471
50000
1
50000
50001
50000
50001
50000
50000
1788
50000
1270
3
50000
21
9419
50000
102
263
227
4459
4
50000
50000
50000
1
50000
50000
50000
50000
50000
2943
23
862
50000
768
50001
50000
50001
44499
50001
1
50000
3166
287
12
50001
50000
281
8394
50000
50000
50000
50001
50000
50000
8
50000
50001
49
1
1411
50001
50000
50000
50000
565
5
50000
50000
3
50000
7
1466
24
50000
50000
50001
50000
50001
2
343
5
84
50001
2
50001
50000
50000
56
4
50000
219
44653
2010
50000
50000
28
8
177
50000
50001
50001
50000
50000
35
50001
50000
50000
50000
50000
34218
1
1
50000
102
15
50000
50000
50001
653
50001
50001
50000
1
820
50000
4459
6
50001
50000
8182
1687
1331
50000
50000
4
50001
8762
50000
11133
50000
7
1
427
7
50000
29694
50000
4
50001
50000
50000
50001
50000
1
50000
7919
21560
1039
11
50000
50000
1878
118
1
50000
9
50000
18643
50001
50000
50000
50000
16043
3275
50000
663
50000
50000
50000
7144
1
50000
50000
5578
50000
50001
50001
288
106
87
50000
50000
33
50000
43617
8
1780
50001
485
26
529
50000
7
50000
50000
25083
50000
93
275
50001
1
50000
50000
1
50001
50000
650
50001
50000
362
50000
4955
50000
50000
24
50000
50001
1
12934
50001
208
2762
50000
50000
50000
50001
3788
50000
440
3
1150
50000
50000
313
50000
140
5014
50000
50000
105
50000
4
50001
50000
1
50000
23795
28874
32476
50001
50001
50000
1
2
43
50000
5
50001
2
364
50000
50000
50001
5737
1
75
50001
50001
23362
30
50000
50000
50000
50001
27
50000
50000
830
50000
50001
50000
50000
50000
1
50000
50000
120
1
50000
50000
10
29619
50000
50000
50000
11515
6
7
50001
50000
50000
1
50000
18
42700
50000
50001
11
50000
50001
50000
50000
50000
41442
50000
50000
50000
50000
50000
132
50000
50000
50001
50001
205
14
1
50001
12578
2
4
98
250
30
50000
14
50000
50000
19
1
50001
15
764
50000
1275
50000
712
50000
199
1
196
496
4
50000
26013
125
12587
50000
50000
5
50000
17364
50000
3
32
4
13
1
10299
50000
24
118
50001
2
933
31
50001
2239
1
52
50000
1
27330
50000
50001
3
50001
1496
159
43837
3494
6
5831
50001
49
4926
50000
50001
731
