50000
50000
50000
5
50000
38
7352
50000
50000
167
50001
46
50000
22334
50000
50000
50001
37673
50000
50000
612
50000
30
8
50000
12
1
50
34832
1
69
50000
1
228
50000
41266
50001
4721
50000
50001
50000
1254
50001
19
50000
50000
30154
40
1
46
30
50001
50000
44813
50000
1
6168
50000
50000
50000
50000
74
50000
9860
85
50000
42706
50000
42334
112
50000
321
50000
25
5
4471
1267
50001
90
50000
50000
50000
2
15891
50000
50001
706
97
50001
6
5
50000
50000
6
50000
50001
50001
9
50000
17
17410
210
50000
50000
872
4
2
50000
50000
16
2692
1
13
50000
4526
16846
2
26818
85
50000
50000
50000
1
50000
45
977
3
3
50000
50000
50001
474
50000
12
50000
1
50000
5
21
50000
790
4
11
136
50000
50000
103
5
33912
50000
1807
113
1537
50001
4
50001
32
30
50001
50001
50001
50000
50000
50000
50001
50000
50
2
50000
50000
42955
2504
94
142
4656
892
563
50000
1
50000
1
50000
4
50000
50000
50000
50000
50000
50000
50000
12673
50000
50000
50000
253
35843
774
50000
50000
50000
50000
131
50001
50001
50000
50000
50000
50000
1
15
50000
18
1457
50000
50000
2
501
363
4084
50000
21
50000
9
50000
50000
31565
57
50000
125
50000
50000
2
1
50000
29
50000
17
50000
39881
50000
50001
50000
50000
1
4
50000
43
50000
50000
50000
8007
8
50001
1
50000
519
810
2
46874
50000
50000
303
50000
50001
50000
305
3555
59
50001
155
50000
50000
1704
1549
50000
848
10674
5105
50000
6
50000
50000
5063
50000
50000
50000
103
50000
50001
50000
50001
459
50000
50001
61
24090
23
4
2
1
50000
50000
445
50000
78
625
32088
50000
276
50000
36
50000
50000
13
50001
2
50000
10
50000
1
1
16822
955
50000
50000
2561
20934
25303
50000
50000
50001
1
50000
4170
10296
50000
50000
50000
50000
50000
50000
5
50000
3567
50000
771
50001
50000
557
50000
91
50000
50000
50001
1245
50001
22
511
500
10
50001
1
50000
1356
50000
50000
17
50001
27
50000
1084
50000
50000
1
705
50000
1809
4195
50000
50000
50000
50000
50000
50001
50000
50001
50000
284
37
1
50000
50000
457
50000
50001
5
1165
6
50001
42
50000
360
50000
50000
50000
50000
27180
2
163
4182
50001
21
25
17040
1245
1895
18267
50000
50001
50000
39
7605
50001
488
50001
50000
50001
88
50000
50000
1747
47421
396
1
50000
7
50001
50000
362
50000
50000
1
46
26426
1
50000
44
56
5
50000
186
1013
50000
17
1798
1
8145
50000
50000
34140
50000
1
3
50000
50000
50000
1
50000
1
50000
11933
5
169
2
50000
2
50000
50000
50000
8
50000
50000
50000
50000
50000
5923
50000
50000
50000
1
50000
8
50001
50000
50000
50000
7
50000
50001
50000
50000
235
128
50000
50001
50000
50000
191
4
14
401
1
18129
50000
5225
50000
6292
3448
50000
18374
50001
519
1
50000
50000
30104
150
50000
50001
45888
1463
59
551
50000
50000
50001
2866
50001
50000
213
11
51
5579
50000
15
50000
39
50000
8
6
10349
50000
50000
26725
50000
50000
11
164
50000
7367
50000
2
50000
47
50000
3126
11
2793
1
23256
32
50000
6743
9
50000
5
1028
50000
44108
50000
50000
50000
538
50000
50001
50001
1844
2630
50000
50000
50000
1
12
61
50000
10
7
50000
50000
928
50000
50000
50000
50001
50000
604
86
3451
50000
1
50000
50001
1359
354
50001
25
50000
5642
50000
50000
50000
50000
1
2
50000
139
50000
50000
50000
1
48843
50000
50000
3
50000
2024
37
8626
100
50000
33603
50001
50001
1
1
50000
263
6287
50000
4089
1
50000
50000
50001
4377
4594
208
13144
50000
50001
50000
152
50001
295
50000
50000
4
50000
50000
14
48
50000
50001
124
50001
206
50000
3452
518
210
6218
50000
6
50000
50000
50000
2588
33217
1
17
1308
50000
50000
50001
50000
5453
50000
16148
3286
50000
50000
50000
2
33
50000
50000
50000
326
50001
13490
2
27466
21
50000
50000
9
13
50001
13446
50000
50000
50001
1
4
5129
50
50000
1
8
3
50000
1
50001
50001
35709
50001
38377
392
46
2
50000
1046
50000
50000
1
1
50000
666
6
50000
1
3553
1826
598
50000
52
50000
23
50000
23
50000
50000
65
50000
7300
50000
57
50000
50000
37245
1129
107
7
268
50000
9829
441
50000
50000
815
50000
50000
50000
2
50001
50000
50000
50000
806
2
11353
50000
4
50000
9058
50000
1
1
2174
5328
15696
50000
50000
50001
50000
50000
5870
678
4
6632
50000
50001
50001
50000
50001
50000
19218
158
477
50000
16
780
50000
59
50000
47676
31
50000
50000
4875
1236
11663
50000
50000
50000
50000
627
50000
45045
50000
16558
50000
236
13
100
50000
10
50000
4
5
50000
491
50000
32
131
50000
50000
50001
50000
56
5
1
50000
2
50000
50000
50000
50000
124
1
9
621
50001
31
50000
77
4
1
72
50000
50000
9
2
361
50000
1612
50000
1
21390
50000
50000
4
301
50000
25293
1
50000
50001
1
6085
1
50000
50001
45
50000
50000
343
1812
14
914
16
50000
50000
18
36
1346
36
50000
3
7471
1
14783
50000
3
50001
1734
50001
608
50000
50001
50000
174
23034
144
50001
8952
2165
12
50000
50001
50000
2
50000
51
50000
34
2
50000
6
1454
222
358
50000
6904
37263
396
50000
256
2
39323
50000
12
33
6
50000
50000
1073
2619
10
5
50000
1957
45
18
2677
1
50000
2324
155
18187
5624
718
588
847
1
50001
2054
107
31
50000
50000
1
13392
59
318
4446
50000
11
155
50000
50001
422
3572
3
1
50000
507
50000
50000
50000
16630
50000
25
50000
1
72
52
26
7
50001
50000
3
50000
22
15582
133
50000
50000
50000
50001
92
50001
2
50000
50000
50000
50001
50000
50000
30576
36613
50000
19889
523
50000
50000
855
26
50000
50000
50000
136
134
7925
4136
8792
2656
50000
50000
180
42821
12
45520
78
50000
5424
3
376
50000
62
8684
50001
10925
50000
50000
547
50000
50000
3367
23
568
50001
3515
13
933
128
31
50000
50000
6
6
18
50000
7
50001
50000
43735
50000
50000
1
457
50000
10
7669
1
50000
50000
295
50001
50000
50000
50001
44731
50000
50000
50000
9287
84
667
50001
5
50000
50000
50001
46
1
4383
117
10851
50000
50000
50000
1
50000
50000
50000
50000
948
1
50000
3
50000
50000
1099
6416
50000
50000
16553
142
50000
50001
50000
50000
5
17138
50000
50000
50001
50000
2
50000
796
1
50000
50000
40117
50000
2200
50000
50000
50000
10
205
290
92
50001
50000
50001
268
50000
50000
74
50000
50000
1
74
7450
50001
824
1
50000
50000
50000
50000
5
50000
50000
38369
4
3
170
402
50000
1
50001
4
30
6
1389
50000
41
50000
50000
13
733
50000
5341
50000
4712
50000
1
280
712
50001
729
50001
482
28986
141
36834
1211
50001
50001
50000
695
1
24992
50000
50001
50000
353
2
2882
50000
50001
36747
50000
50001
381
50000
50000
50000
6175
50000
50000
50000
45
51
424
50001
50000
50001
10
30
50000
50000
50000
121
50000
7754
50000
22691
50001
138
20423
3
30935
20
50000
50000
50000
1
50000
17
1
18
1
67
1
25160
50001
50000
784
50000
1
50000
7
1
1399
50000
2
50001
2
50000
50000
50000
50000
11
50000
11
50000
35
5
50000
50000
12
50000
50000
2
86
50000
50000
5
3124
50000
47
1
159
50001
6
37
3222
14790
10
141
35
5
1214
1487
82
728
50000
1
30309
50000
522
50001
1
50000
7
2
50000
50000
50000
500
5321
1
50000
1
50000
1
263
50000
50000
13663
25
26
1
1196
50000
7057
952
50000
50000
50000
2
132
1
2
22
50000
50001
19260
1
50000
44
50000
347
1653
42
50000
2005
50000
50000
3
19724
50000
50000
50000
3
50000
50000
442
50000
7
1
50000
50000
50000
50000
50001
392
50000
19
5913
1
925
45304
63
50000
36119
2
8775
50000
50000
1000
319
1
50000
14
20
50000
1874
6
50001
50000
50000
178
50000
31605
1216
50000
50000
613
5
34
230
50001
8
3
50000
50000
1
14
6
4
50001
50000
50001
50000
50000
50000
6366
50000
17
50000
8
50000
50000
1
270
50000
15
50000
50000
8
8
2564
864
50001
28476
17941
50000
484
50000
9
50000
50000
2
50000
50001
50000
1345
12
15
50000
1
50000
50000
50000
14927
50000
79
446
50001
4
50000
50000
50000
31
15798
50000
50000
50000
387
390
5119
50000
50001
50000
81
34
50000
50000
1
50000
50000
581
5141
50000
1
49947
7796
2
50000
21
50000
82
50001
1
50001
50001
50000
50000
50000
10428
50000
129
50000
50000
50000
50000
50000
50000
50000
194
1298
50000
107
3
44720
50001
1
1
50000
345
22
1
50001
50001
19
50001
50000
1929
50001
50000
6
50000
4
12340
169
5412
41858
50000
16
50000
50000
22
50001
50001
5
50000
50000
50000
14
150
50000
50000
50000
50000
50000
50000
50000
634
50000
50000
43959
33
50000
50000
50000
29869
50000
189
2100
1
9207
9584
50000
21
42701
50001
50000
50000
1
3525
50001
1
1
50001
60
4904
50001
50001
15
71
50001
318
50000
391
50000
2
1
3
50001
9
50000
1
50000
50000
117
500
1
26737
50000
50000
50000
1
50001
1
50000
17
50001
50000
50000
50000
1
1171
3187
1
50000
50001
50000
9186
50000
50000
28599
6400
50000
69
3961
9646
50001
9
20
50000
50000
50000
50000
50000
1354
1794
50000
10610
1
50001
5
50000
10295
17429
50000
1
50001
576
5107
50000
36918
50000
4714
1
50001
50001
50000
8559
1
105
31
50000
18889
1
50000
652
50000
50000
50000
114
50001
7913
5
50000
2
336
274
1
4
2822
50001
50000
1
50000
3822
2379
50000
50001
50000
50000
50001
1657
120
50001
19025
50000
15262
109
50001
1253
50000
50000
50000
23479
50000
50000
50000
50000
3228
50001
4
50000
4339
50000
50001
172
1172
1
1
1221
50000
50000
50001
50000
255
50000
6
1
6924
50000
50000
143
50000
50000
22
50000
3500
50001
50000
4
4
50000
1956
50000
50001
1915
3
50000
16572
796
50000
10901
26626
50000
50001
32
16
50000
50000
2
465
20
42521
50001
1
77
50000
50000
50000
50001
50000
1
50001
5
50001
1
50000
50001
775
50000
50000
50000
182
50000
50000
1
50000
47698
58
17
30129
10
463
16129
39
115
50001
5445
50001
50001
50000
50000
30
1
25304
7
50000
50001
50000
925
50000
50000
8
402
50001
6
1
50000
3017
5
499
50000
50000
2
1285
50000
4767
50000
29865
50001
121
3006
50000
50000
293
50000
1
50001
1
50000
50000
50000
1
50000
2
5
50000
50000
50000
50000
449
50000
50000
50000
1
48247
493
50000
50001
637
2695
4
50001
6945
50000
50000
50001
21839
50000
24558
4449
50000
50000
2028
16108
1
45
34
50000
50000
50000
34370
52
40887
50000
2
2
3332
3329
1
223
348
709
50001
50000
50000
50000
2
498
50000
50000
50001
50000
4118
50000
50000
24
14167
3978
50000
50000
1
50000
8505
1
50000
2016
50000
50001
1
50000
50000
50001
50000
181
50000
50001
50000
50000
50000
5
50000
50001
10
117
50000
50000
50000
16
2600
50000
7110
50001
50000
1
50001
27
50001
50000
50000
50001
50000
50000
9066
50000
50000
50000
2943
50000
1
50000
14391
76
50000
1
50001
50000
50000
4
6848
50000
50000
50000
50000
1238
1
213
14
50000
50000
50001
50001
50001
50000
50000
6015
50000
50000
11036
17604
50000
50001
36846
50001
1
2226
50000
50000
3202
293
46
317
244
50000
243
15722
50000
30932
26
3934
50001
46920
2823
1
1
50001
21746
50001
21898
9
50000
145
1
50000
50000
215
310
1554
50001
50000
50000
15912
50000
50000
1215
50000
13
50000
551
1
50001
34887
50000
158
1
50000
50000
14636
50001
50000
50000
4
31
2868
50000
1
50000
50000
100
56
50000
50000
50000
33791
50001
335
50001
3
50000
50000
465
36
11825
50000
50000
121
50000
50000
50000
1
50000
50001
13
50000
325
50000
19
2
50000
50001
50000
682
3
50000
26865
7
50000
50000
50000
190
50000
50000
11830
50000
50000
50000
50001
7
597
50000
18
50000
50000
50000
26367
50000
50000
23
50001
50000
45193
50000
50000
1
761
50000
50000
39116
3719
2
50000
1
50000
50000
50000
50001
50000
1
50000
50000
1
50000
1
50000
31
50000
26292
185
50000
50000
43624
50001
50000
4
50000
1
88
50001
50000
515
50000
1
50001
4
50000
50000
32
112
2084
1
12
50000
734
10
1
6
50000
50000
50000
29
50000
50000
508
50000
50000
50000
50000
50000
2
50000
936
10472
50000
11
1
10157
50000
50001
50000
1
2257
50000
278
84
50000
100
50000
50001
50001
50000
50001
50000
3
56
50000
50000
50000
1270
50000
50000
2
40042
28
78
50000
272
3
20463
50000
775
50000
50001
50000
50000
1
50000
21
50000
1
50000
50000
247
23
50000
219
50000
14
50000
50001
1
14882
2
1
50000
50000
6238
10
1365
45343
110
16
4654
50000
16444
9
50001
50000
50000
50000
2535
50000
50001
700
2367
112
1
50000
50000
50001
30
20797
18617
50000
50001
50001
50000
2749
10696
50000
1
49
50000
50000
50000
50000
541
1
50000
50001
50000
127
50000
50001
50000
50000
50000
50000
50000
3409
50000
50000
11
2562
1
50000
50000
50000
33
50
50000
1
50000
9562
4
50000
50001
654
9096
1537
10
50000
212
50000
5
359
1446
40387
50001
6
95
50000
26
50000
84
11687
50000
140
50000
50000
50000
50000
3113
3382
3
3
75
1
16127
50001
1
1221
50001
2
50000
37183
50000
50000
50000
2099
50000
8
50001
50000
50000
50000
1
50000
50000
50000
48394
50
49574
47
21
36
50000
1
50000
21
338
50001
722
246
23
15210
7
50000
50000
1
1
50001
3076
8
50000
50001
7894
1
50000
1
50000
484
50001
401
9
50000
25177
50000
1
1952
50000
50000
18939
39596
50000
50000
1
1
994
50001
5
28207
459
50000
50000
50000
50000
7
50000
148
50001
50000
35
1250
2495
575
39
1
1
7
50000
50000
50001
50000
50000
50001
50001
20
1
21
198
50000
170
111
17530
16
50000
4
1
50000
50000
50000
18
50000
2
5
5
50000
6197
50000
50000
50000
50000
781
50000
50001
50001
266
50001
2
50000
50000
425
4
50000
7
50000
82
246
9
2
227
23512
216
71
2571
23
16
3
50000
6
5
196
50000
50000
109
50000
50000
1
50000
50000
293
50000
50000
50000
3
49132
50000
1
1
50001
33
50000
50000
9
5403
50000
13
50000
4
50000
50000
50000
12
50000
228
1
2
1
50001
50000
50000
26969
1523
1
220
2
50000
40812
7024
2
1
50000
50000
171
3422
1299
1300
50000
50001
50000
38
5439
50000
23256
50000
50000
1
2
50000
1394
50000
50000
1
50000
46173
1299
50001
442
50000
50001
50001
50001
50000
50000
7
50000
50000
4115
1
285
7006
12626
10678
525
31
1
50000
50000
50000
50000
50000
50000
4
50000
50000
16
50000
943
50000
960
38011
15
50000
50000
1
1
4
50000
50001
8
50000
90
50000
14927
441
1
11226
1237
50000
50000
3125
2525
17
311
50000
1594
115
2
45
7026
50000
50001
1534
50000
50000
327
3453
50000
50000
50001
50000
50001
50000
5937
50000
100
50000
50000
50001
4
50000
284
50001
1
50001
50001
50000
1
5218
1416
2
7245
14
50000
218
2
31753
50000
3
29
2
13
6
4148
12
50000
50000
50000
50000
50000
50000
1
7
2266
26
50001
50001
7
22520
50000
50000
259
50000
144
572
20
50000
50001
1
3
50000
1
110
2932
2
50000
50000
50000
50001
2
316
9608
2
50000
3
50000
50000
2336
50000
50000
8
195
43205
2
1
2643
21
50000
50000
354
50001
10090
50000
50000
9239
12
14
50000
251
15
50000
50000
144
74
9
50000
1
486
50000
456
50001
50001
1
50001
57
50000
50000
50000
107
50000
50000
9
50000
887
252
50001
38222
44
50000
40
50001
11
50000
50000
50000
50000
50000
1
867
6
42
50001
117
26989
50000
24
70
50000
1
5578
50000
50000
11829
5605
50001
210
35299
32140
50000
50000
50001
50000
11
50000
50000
50000
20612
2
50000
50000
50000
3648
230
11
4470
50001
50000
67
11
889
50000
5
257
17
50000
63
50000
118
50000
7581
50000
7
95
15
50000
50
50000
50000
2
50000
50000
2886
50001
50000
50000
235
50001
62
7
1
50001
50001
45910
50001
522
50000
1842
351
15817
648
476
6
911
394
84
3205
7625
113
36487
1
50000
8238
1147
1
50000
1201
479
29
45
1
50000
28
17596
3
18678
50000
495
50001
328
50000
24591
50001
50000
7
9
54
30986
651
36047
1
50000
701
50000
4
50001
50000
48
50000
24
11
50000
6612
50000
8623
38651
50000
50000
32681
648
50000
150
431
50000
208
50000
50000
13
11775
680
5374
50000
1
50000
50000
24573
50000
212
50000
50001
50001
219
50000
50001
2027
184
8
6
50000
3
223
132
50001
50000
626
50000
365
300
16
50000
31198
1
8
3220
50000
50000
50001
8480
50000
50000
50000
85
50000
29
50000
50000
1
50001
133
75
50000
2
337
50000
14496
50000
50000
459
50001
2146
17
50000
12
50000
50000
26295
8
252
4
315
5358
50001
50000
50000
5767
10
818
16713
1
50001
25
50001
50000
50000
1
50000
1
21516
6745
43
6
1330
50000
50001
50000
11642
1574
2304
50000
50000
50000
249
50000
50001
448
23
245
237
2184
2
50001
2
24
50000
50000
1
10
5677
9057
1795
39229
404
1443
79
50000
26
37
16884
1905
50000
50000
50000
780
50000
50001
50000
50000
549
50001
50000
50000
50000
5
256
50001
8853
50001
50000
18048
50001
50001
4429
50000
50000
50000
50000
50000
1
5
1084
7
819
50001
50000
16319
50000
269
50000
1
69
50000
50000
50000
22
260
46619
50000
43
5
16198
1
1010
50000
50000
5975
50000
25855
50000
50000
50000
174
50000
85
2
1
50000
58
1
50000
50000
230
1
50000
51
126
852
666
17
140
50001
62
50001
50000
2
5
50000
2
50000
50000
50000
36
50000
38247
41816
217
1158
50000
8320
50000
634
50000
50000
1753
50000
77
50000
50000
50001
1
2110
5659
171
1
50001
50000
50000
50001
50001
17820
247
13
50000
50001
50000
50000
50001
50000
50000
50000
50000
1
22
76
14
50000
1722
50000
4035
50001
50000
11843
1
22774
50001
50000
22181
50000
4
50000
50000
24
50001
50000
91
50000
26016
50000
1
50000
1423
50001
150
50001
50000
3056
50000
50001
20
50000
50000
1700
50000
50000
50000
50000
50000
50001
50001
50001
50000
4
50000
3
1120
50000
50000
50001
50000
50001
1
50000
50001
2016
50000
4837
50000
50000
787
50000
240
47342
427
46486
4
7
50000
50001
11
50000
1120
50000
1332
50000
1521
50000
32
50001
50000
174
2618
50000
50000
414
20
50000
50000
1
162
33
33
50000
50000
50000
50000
50000
54
50000
525
50000
4101
10764
50000
23
3
57
511
50001
50000
50001
50001
50001
15224
50001
50000
50000
61
3125
41
743
50000
1
50000
456
16865
15
50000
4772
1731
2275
20
50001
50000
24107
948
31393
50001
13500
50000
50001
5674
227
9
140
50000
50000
50000
1
5
27
50000
33898
49628
147
23
50000
16355
13
26
50000
39
3
8
4891
50001
50000
9682
50000
184
1
50000
1
7968
32
1
11927
50000
1
7406
1
36
6752
50000
10
50001
121
251
50000
12392
5
50000
50000
50001
7
29
30
50000
62
50000
50000
3
43
1450
50000
50001
50000
9
1335
50000
630
50001
13729
135
50000
19
50001
50000
1200
106
295
5
50000
50000
50001
1947
13603
50000
18
9600
50001
50000
50000
43950
39654
50000
49128
1442
3320
3
50001
1313
50000
50000
50000
50000
2585
50000
51
1
3
2
50000
50000
50001
36
6123
57
50000
50000
157
243
50000
50000
620
24
50000
50001
50000
50000
50000
1
20195
50000
5
358
9
50000
50001
28396
50000
9
1
50000
2198
50000
11685
50000
427
50000
50000
50000
46
16
10109
1
50001
268
1
95
50000
50000
50000
31964
92
50000
50000
50000
50000
5465
99
50000
306
2366
50000
96
1395
50000
50000
34955
540
50000
50000
11
50000
50000
50001
7
50000
7
50000
50000
50000
50000
50000
50001
50000
4
2
161
50000
50000
50000
50000
50001
50000
510
591
50000
50000
2
50000
50001
6
50000
6
50001
50000
51
20195
499
50000
50000
2074
202
19
50000
18963
50000
50000
38614
23
5331
241
50000
353
77
3
50001
71
50000
50000
173
2
14949
50001
389
11
19903
50000
116
50000
50000
50000
50000
18511
50000
50000
50000
1
50001
1
15693
50000
50000
44580
50000
2
50000
50000
50000
1224
50000
571
1
26
184
50000
50001
6
50001
2807
50000
2
50000
50000
50000
111
116
50000
4
1
50000
50001
2262
136
6
50000
9
50000
50000
66
6
50001
4
50001
11
18533
138
50000
50000
59
2
7
50000
39999
1920
50000
1
50000
50000
50000
50001
50000
42016
470
50001
36533
1
50001
50000
50001
50001
48595
50000
50000
616
1
50000
633
50000
5
50000
29
50001
47
32239
30666
50000
45
12
50000
50000
1
2
26
50000
50001
2413
4
52
50001
108
6
50000
1
73
50000
50000
50000
50000
50000
50000
19520
1
50000
101
50000
2
2535
50000
50000
50000
50000
220
267
214
50000
2
14
50000
50000
3
50000
6221
50000
50001
488
814
110
50000
50000
50001
114
50000
14
50000
50000
50001
1
65
50000
1
50000
2793
37528
1
35
50000
50000
122
1
2849
5
50001
4
1
7015
23
1
50001
50000
97
50001
1
50000
50000
50000
506
50001
50000
50000
2
48
21276
50001
50000
1277
4081
50000
182
907
28016
90
50000
7
1
216
50
20480
2
50000
50000
50000
50000
50000
50000
50001
12
3169
50001
50000
50000
50000
50000
50000
189
50000
8755
784
1
50000
50000
25224
50000
33
1
94
77
50000
8
42721
50000
50000
4750
50001
4
50001
9729
1
50001
50000
50000
16610
50001
50000
50000
50000
455
2
4429
50000
2229
50000
50000
20260
1
46082
35114
16430
4
534
50001
50000
50000
3349
4
50000
2
5
50000
1
2933
50001
1043
2
7183
13
3380
3
3605
50000
50000
50000
4
475
56
50000
50000
728
2
585
50000
4945
50000
816
50000
3261
50001
50000
2
14
50001
5
31510
580
248
50001
13
50000
50000
1
1
6251
50001
50000
1
123
50000
50001
34587
8
50000
50001
19411
50001
50000
50000
200
50000
758
8
76
50001
80
50000
50000
50000
50000
15643
46
1601
19
9488
50000
3
121
50000
50000
327
50001
12
192
50000
14446
50000
50001
50001
29
50000
50000
10
50000
56
50001
50000
50000
89
310
9993
1459
50000
50000
50000
50000
1
50000
66
38
50001
50001
21979
50000
50000
50000
50001
7737
50000
1
7765
3
12414
50000
50000
50000
50000
1338
39411
34000
2486
50001
3
12
447
50001
50000
50000
630
3
50001
50000
145
859
37
50000
50000
50000
50001
50000
36937
9293
7
50000
2029
7626
1
33
509
30
50000
50001
50001
668
50000
1
39364
50000
15
186
4
1
341
50000
50000
50000
14
33647
50000
5
50000
50000
11
2317
50000
50000
36
37972
48722
50000
11592
10
50000
197
50000
4285
9
3
1
50000
50000
30686
50000
50000
50000
1
50000
2558
50000
50000
1
50000
50000
287
3163
50001
50000
12113
50000
36
33
50000
50000
50000
50001
4
3677
50000
50000
50000
50000
50000
323
212
50000
4133
50000
50001
50000
50001
24333
50001
50000
5
3
4203
3
1816
50000
575
17875
50001
50000
50000
50000
50000
1
50000
16
50000
1
50001
50000
36096
50000
50000
45
16
50000
58
50001
50000
16670
290
50000
50000
237
50000
40
191
32
50000
541
50000
71
2
50001
188
1
13116
196
50000
50000
50000
1367
2580
50000
3467
50000
1
50000
50000
1
50000
4
102
41805
50001
1
50001
50001
15
50000
50000
50000
50000
50000
50000
626
5
1
2412
1
50000
50001
23
50000
5
50001
1
5
52
50000
101
50000
1
50000
50001
50000
4
4226
2
50000
50001
1031
278
3915
50000
50001
50000
50001
207
1
50000
50001
50000
20
50000
50001
50000
50000
11234
50000
47
380
50001
50000
50000
50000
50000
1104
50000
50000
20037
2
26
18288
66
13976
50000
7
50000
50000
15985
50000
15066
18594
50000
4
7
14
5
2
1
300
50000
50000
33400
50001
5711
1357
50000
8176
295
50000
1
50000
50000
5789
50000
3294
2998
1
32
28
50000
50000
50001
823
1
50000
16
2
50000
50001
1
50000
50001
195
3923
199
50000
12960
7
50000
1
10
50000
50000
1617
9
2452
50000
20
50000
1
12
50000
50000
50000
50000
125
50000
50001
50000
7603
4
50000
1
50000
50000
47412
4833
7
50001
50000
50000
50000
1
8134
2001
50000
50001
24
50001
2311
3
50000
2732
50001
50001
50000
6544
4
50000
1
4328
4
404
50000
7
23
50001
50001
50000
7
50000
50001
50000
2389
5
50000
9
3
50000
50000
50000
21482
50000
30
50000
50001
50000
28
50000
50000
50000
50000
2883
50000
7559
50000
2
446
1
1736
6
7
50000
37
6005
560
27
50000
25
58
50000
3
50000
7
323
16
50
50000
17
50000
16
2672
50000
1092
9
15
1
50000
50000
307
86
8792
50000
1
364
8
1
50000
82
50000
2195
50000
466
21632
23784
303
27
256
1864
45891
50000
49214
9779
50000
37
15350
50000
50000
1
5417
50000
130
50000
50000
64
75
12
6766
3
50001
17
3827
451
50000
50001
1
50000
14
1
125
50000
2
8363
50000
1
642
402
50000
209
2
50000
50000
7044
50000
291
50
9947
1
50000
31301
5
1
29804
29845
1
22
1
606
7833
4
15
50001
1
48
5
50000
50000
21
1
154
50001
50000
50000
40043
3
50000
530
35198
13
10636
50000
50000
41189
1
50001
27963
50000
50000
10
673
26037
50001
1
14725
18
50001
4810
50000
50000
2
9764
3824
23204
7534
38977
2525
9
391
4392
50001
7113
50000
11638
50000
50000
5
50000
50000
54
42075
252
23
5
50000
1616
17
1467
50000
50000
10
50000
567
50000
292
19942
2009
50000
185
32348
5
50000
50000
50000
7
15
50001
165
532
50000
7811
50001
50000
34870
50000
50000
38
3
50000
50001
50000
1
50000
18923
1
1
50000
130
23
49563
151
108
1226
12169
50000
12531
50000
9821
1
2
50000
50000
33063
613
1
1
50000
30372
1
50001
50000
50000
50000
50000
2
41
93
50000
2
447
241
50000
6
50001
50001
3
50000
9
1
12138
50001
50000
50000
44
50000
91
50000
50000
50000
50001
50000
20265
1
31596
6
50000
50000
159
13425
5677
286
50000
50001
50001
15
17708
50001
50000
17550
11
2
50000
4418
50000
50001
50000
1
3908
50000
50000
50000
50001
50000
707
50000
578
50000
13
50000
2
50001
7838
9427
50001
50001
50000
50000
50000
4163
201
50000
50001
50000
2306
3756
2713
50001
32032
50000
28485
50000
1782
7
50001
95
137
89
9
1664
3
10
50001
35
50000
50001
1839
53
687
50000
3
3
50000
50000
50000
50000
50000
1
50001
50000
12
50001
50000
19
5
50001
50000
50001
54
50000
46
1
50001
50000
2
32154
41
35
43980
50000
50000
50000
50000
7
21
416
50001
50000
2
875
50000
22281
50000
50000
8662
5558
50000
1
50000
50000
1
5
1
146
50000
17078
50000
291
50000
1572
21518
2
12373
50000
50000
50001
50000
137
4
50000
50000
50000
19
42
50000
50000
50000
6
50000
50001
2542
498
50000
50000
3
50000
50001
50000
50000
50001
80
198
3
50000
17
50001
1
2
50001
33
8285
50001
50000
50001
50000
1
50000
50000
105
1
50000
50000
1
203
15495
50001
50000
13
50000
3
50000
1659
50001
2
4
50000
1
50000
11
50000
30379
16
42785
642
50000
1
14377
4341
18
6
19
50000
50000
50000
50000
50000
50001
6
50000
50000
4
50001
50000
388
50001
2
50000
50001
50000
50000
5
24
50000
50000
49
50000
109
88
50001
50000
2792
1802
4454
30
1
28169
2677
38
50000
50000
50000
50001
50000
5
2866
50000
1
50000
11029
50000
302
1
1
50000
397
50001
50000
31
50000
30
3301
50000
50000
50001
156
47
3842
50000
50000
47992
1845
50000
85
50001
50000
8317
50000
1
6
2176
4
6717
9
6
50001
50001
9
50000
50000
50001
128
2
17
50000
50000
2
1
50000
4
2902
5
50000
1
50001
21675
2
50000
50000
1
2285
2307
30623
50000
2
50000
50000
8003
50001
4316
10
50000
1
50001
50000
50001
50000
1417
50000
50000
525
4812
1
209
328
210
50000
50000
50000
7
18580
1767
25
50000
7947
41
50000
50001
50001
472
34
1535
81
1
1
50001
50001
50000
11454
50000
50000
12
1
23497
50001
1
32899
50000
38441
7973
5429
50000
14
50000
50000
6
50000
17
5
50000
28
50000
50001
50000
8
22
50000
50001
290
50001
50000
2
28
1
2941
73
216
50000
50000
199
50000
50000
50000
50001
50001
50000
38
10690
35
50000
109
19628
39
50000
50000
50000
45632
50001
50000
141
244
23
50000
50000
50000
2028
50000
50000
3202
50000
50000
50000
1
50000
17088
1
50000
10602
1574
9
1
50000
20
50001
42015
101
3267
50000
50000
50000
50000
4
50000
50000
50001
50000
22686
4549
50000
1
330
50000
50000
682
12121
54
24
4206
50000
7844
50000
14
50000
4902
50001
50001
9143
50000
50000
50000
50000
50001
29
159
50000
50000
2
50000
50001
50001
50000
32953
50000
35090
50001
12385
50000
1
50001
50000
50001
50000
410
50000
50000
4
50001
17743
25352
50000
2
32
50000
12
50000
324
58
50000
5685
50000
148
1
50000
2
20286
50000
50000
90
110
50000
5
127
22556
50000
97
45
50001
50000
50000
50000
50001
16
50000
50001
8
50000
50001
50000
7979
47584
50000
37903
137
50000
50000
50000
50000
1
50000
1
80
1840
50000
2
6621
2
3840
30
50000
7
305
50000
50000
62
22693
1
1249
213
2
50000
50000
1639
2
45
47498
50001
6423
6060
10
9
50001
366
50000
1
7862
10
9409
50000
50000
50000
50000
50000
50001
50001
50000
12915
50000
50000
50000
5
50000
50001
50001
50000
8708
50000
52
50000
50000
289
50001
50000
50000
11
50000
1
596
50000
50000
50000
50001
28
1276
50000
50000
50000
50000
3
50000
2
1855
2426
50001
96
50000
29
6546
50000
50000
50001
50000
50000
50000
1
50000
12434
26
50001
673
50001
63
28
2753
50000
150
50000
50001
12
50000
1
4
50000
47724
23
28781
2
50000
3015
19
723
50000
50000
50001
50000
39154
9
171
50000
50000
5
50000
50001
36065
50000
17596
5
50000
50000
21547
6
50001
50000
50000
50000
21919
1
50000
10182
50000
365
50001
50001
33
2381
50000
3
160
11673
50000
50000
50000
20
50000
14169
206
3234
1773
378
50001
36455
50000
50000
50001
239
50000
34034
50001
50000
7
8
50000
397
30859
71
50000
50000
12
50000
50000
50000
50000
50000
50000
346
50000
20
50001
129
10641
50000
6180
27
17434
50000
2
50000
50000
50000
25707
50000
900
50000
10
50000
50000
50000
20
2
50000
6618
50000
50000
200
50000
50001
50000
1
8667
1
120
1
50000
1
6
50000
7
50000
50000
11705
50000
22
1
50000
8272
50000
2
4518
50000
50000
1480
50000
1
50001
50000
50000
1
50000
1175
50001
50000
10790
50001
50000
50000
50000
1
23
50000
50001
1137
2
8
14022
435
50000
1
11421
50000
50001
31456
50000
50000
30073
50000
50000
50000
50000
50000
39433
50000
45
50000
50001
23
2224
50000
50001
50000
50000
16249
50000
400
1548
50000
50001
50000
4678
50001
3
50000
15
8
2
1588
50000
50000
50000
90
50001
338
4
50000
2119
635
959
40
17
7
50001
50000
26
50000
50000
50000
50000
50001
50000
44322
62
50000
50000
50000
135
50000
12137
408
19730
50000
78
18
20005
3219
1
50000
50000
50001
50000
4
2080
21306
50000
42
50000
50000
20937
1308
50000
10322
1019
50000
49956
50000
50000
50000
1
50001
50000
50000
85
3
6
50000
50000
1368
1
2
50000
9
50001
1671
9751
33
50000
1
50000
9162
61
6
50000
1128
50000
10261
50000
50000
66
11
6
19
50001
50000
17977
50000
50000
50001
60
43225
2201
50001
1
50000
50001
114
22789
50001
5
50000
50001
25
50000
124
32567
50000
50000
1
50000
16388
6
50000
50000
1536
21
50000
2
408
50001
434
1
2
2
50000
1
50000
626
31457
807
50000
50001
1
49099
7368
50000
12
50000
16
3
50001
50000
7167
50001
35742
50000
33491
19378
16904
50000
50000
528
9
50000
61
542
50001
41
50000
32
50000
11
7
10
50000
50001
1
50000
50000
1
3930
4
97
50001
3
50000
50000
50000
82
50000
17257
1
73
50000
5
50001
232
1
6
50000
50000
14
48
220
50000
50000
54
27
50001
40005
12165
50000
446
376
50000
50000
50000
50000
2415
50001
20
50000
50000
50000
2
50000
50000
17836
746
1312
50000
354
50000
50000
1
30209
3
50000
2
50000
50001
1
50000
14
50001
3
125
50000
1
7
50000
50001
50001
49033
50001
369
50000
50000
50
1
50000
1
50000
50000
50000
50000
50001
50000
3277
8
7
50000
1
2
50000
50000
34486
50000
329
50000
50001
1
24805
50000
50000
50000
742
50000
6567
50001
564
5
14645
50000
40965
50000
50001
143
50000
1
3
50001
933
5181
874
50000
3
2
21
8665
50001
2473
50000
714
2
863
50000
1462
50000
50000
15180
4080
50000
7
5
50000
50000
50000
50000
48
50000
50000
50000
50000
50000
254
139
50001
180
61
1
50000
5252
50000
1
4
2
3
50000
637
50001
9662
24703
1
1623
50000
50001
50001
33137
50000
50000
9874
50000
50000
7068
50000
16437
3429
12990
50000
167
15
1
50000
15
4598
2
1
50001
50000
1
50000
50000
50000
124
178
50000
50000
50000
50000
50000
50000
50000
50000
50000
6
50000
2
50001
4847
12
1
50000
6851
2
50000
50000
50000
50000
26670
50000
50000
50000
822
50000
50001
50000
1
18908
467
19
50000
50000
50001
50000
398
3287
18003
50000
50001
50001
9991
27996
50000
20
50000
2
2
50000
1
536
47
398
1
50000
50000
50001
1
50000
50001
50000
796
27
50000
1
50001
50001
50001
1
7
50000
50000
50000
50000
7
50000
609
125
1416
1884
50000
274
50000
1178
3671
50000
31636
54
50000
4
17804
50000
7
36
50001
50000
4
1
2
43019
50000
17
50001
34034
50000
22
50000
50000
7123
12155
50000
5856
50000
50000
50000
50000
50000
50001
50000
45
15796
49
50000
50001
2
50000
2806
50001
50000
8086
18
50001
1466
105
33
50001
2
50000
50000
50000
3521
50000
1
1
2027
50000
50001
1
668
984
7924
50001
50000
144
3038
50001
9211
2
50000
50000
50001
806
1
50000
50000
50000
50000
82
50001
50000
3156
1
50000
68
50001
1732
50001
50000
1427
50001
50000
641
50000
10208
13
50000
7146
50000
50000
50000
16
7
83
2
50000
8200
4
703
50001
50000
1521
22774
50000
3
50000
50000
50000
2485
50000
342
11116
3226
28
3
50000
70
1
50000
35317
163
137
293
5
6324
82
50001
50001
50000
66
50000
1603
2184
50000
338
50000
50000
50000
50000
50001
43877
50000
5
50000
50001
50001
143
50001
14084
50000
50001
10
50000
270
50001
1
1167
7
1890
2708
50000
52
1604
2
36
21027
50000
50000
1791
50000
50000
50000
83
67
13872
1
50000
50000
50000
2
50000
223
198
189
50000
29768
12964
4196
22952
50000
581
11
167
50000
1283
50000
1274
50001
50000
50000
23184
25
50000
50001
50000
68
40877
1
50000
7
50000
5
2
50001
50001
1512
50000
50000
33210
50000
9
33
50001
35399
1088
50000
1
8
50000
291
246
1
50000
50000
1
50000
50000
12361
50000
13322
101
50000
50000
50000
50000
50000
50000
50000
50000
16
50001
15042
50000
50000
45784
72
26597
50001
50001
50000
50000
50000
1
98
50000
50000
50001
3
23
50000
50000
50001
5
50000
27
50000
126
1
50000
50000
32
346
7416
50000
50001
50000
3
50000
1
4
50000
50000
12117
50000
6141
90
50000
50000
50000
50000
1
50001
9
50000
677
11331
50000
4015
2
3
30019
286
50000
266
52
50000
35583
20419
7806
10587
1738
18058
26
50001
50001
50000
50000
50001
50000
50000
6695
50000
50001
44985
3
50000
50001
50001
480
50001
21
29215
7
50000
3187
1
50000
1
2
50000
2899
50000
333
111
2
50000
50001
1338
6
50000
50000
50000
50000
50000
50000
16897
50001
1
11
1
6867
88
11368
62
5299
1
37634
50001
50001
105
7131
12
919
3
50000
497
22
20321
50000
50000
50000
2
50001
50000
1
50000
28
50000
50001
4227
50000
84
309
2271
5
4
1
50001
106
23
11927
818
50001
50000
50000
9994
7592
178
50001
11609
16651
6
4
50000
215
50001
1
50
50000
8
50000
70
224
50000
27090
50000
45832
2
50000
31883
2701
50001
50000
333
10
50000
76
1
10
71
50000
50000
1346
50000
50001
82
28606
6278
3
50000
2
5516
651
1050
10
1
1306
229
30102
50000
42959
1
2
50000
1
50000
1020
124
1
50000
20
63
80
1
50001
3727
1773
50000
50000
216
7
23384
50001
29535
47
50000
50000
162
793
39
10862
46356
50000
801
65
50000
4867
50001
50000
50000
50000
43353
50000
18
50000
50000
262
4929
35484
50000
50000
191
5
50000
50000
50000
50000
4
50000
50000
34
50000
50000
50000
50001
9
1913
17
50000
202
50000
1
50000
50000
50000
50000
50000
26
50000
50000
50000
382
50000
17431
50000
50000
521
2295
488
50000
8
50
50000
50000
11
7
4030
1
50000
3
1137
50000
1442
50001
50000
49038
50000
1025
38
50000
50000
1
50000
50000
1
50000
50000
70
1
31
23
88
3976
140
50000
1451
50000
50001
2
50000
50000
50000
50001
33
50000
50000
50000
50000
27
50000
19
5315
14398
46
15889
820
6506
49
44464
6293
50001
48414
50000
50000
50000
2638
14
50000
50000
4
1211
122
50001
104
2269
50000
50000
122
50001
50000
50000
2
5
50000
50000
5650
26
54
1
50001
50001
13024
50000
1873
50001
50000
50000
9
55
50000
1522
50000
2410
3740
12102
880
50000
50000
66
1
50001
56
32180
29100
50000
142
50000
2
1
9
6
50000
1252
52
18004
50000
50000
50000
50000
50001
50000
50000
50000
50001
7070
30
50000
389
50001
50000
1
3
50000
59
25816
50000
80
50000
30
50001
12907
50000
44237
50000
109
50000
12639
50000
50000
50001
50000
839
50000
613
127
3440
63
50001
50000
41570
3533
50000
259
50000
37570
50000
10
4
50000
50000
50000
50001
50000
24
10052
50001
50000
1625
1
50000
50001
21965
50000
20
1652
988
4
5816
2743
50000
82
131
4933
6
50000
50000
6
419
497
50001
2
569
31
50000
25
2
50000
50000
1
50000
6
50000
6
50001
50000
1
1
50000
4174
70
3220
50000
339
69
4059
1
46565
50000
3858
7303
50000
1732
1
4063
9787
337
50000
16273
1
50000
56
56
302
10
50000
465
50000
432
32674
50000
5623
956
99
748
7968
1
50000
58
1755
66
7628
47312
18440
17
127
63
1
50000
50001
50001
556
339
115
50000
50000
3
2818
1
25947
50001
1
50000
4
6
50000
2
26
4
50001
50001
50001
13863
16475
50000
9801
292
50000
45
50000
50000
1889
50000
50000
50000
50000
50000
50000
152
921
50000
742
2
2
50000
50000
744
1
50000
50000
50000
1
50000
50000
31221
50000
50000
50000
39
1
50
50000
8387
50001
152
50000
50000
50000
50001
50000
5
8
50001
50000
50001
1
3624
1054
1731
84
1
1
41
102
50000
8155
50001
50000
50000
50000
50000
50000
10
11578
50000
50000
23680
14070
50000
12274
50000
59
50000
13
50000
1970
50000
50000
50000
50000
50000
12073
1
50000
50001
1
50000
20
50001
50001
50000
24062
50000
126
1
50000
1504
50000
50000
1
50001
1261
50000
50000
50000
6
50000
13381
2004
50000
2
50000
50001
5113
2
13339
50000
1
2465
48
50001
50000
50001
23581
811
147
50000
50000
50000
472
342
4099
50000
50000
50001
50000
27
4365
50000
50001
13918
50000
3
6435
15
26
50000
7
50001
50000
50001
24014
50000
50000
50000
1
610
201
50000
50000
24251
675
50000
24266
1475
50000
1
50000
3950
1799
23
50001
50000
18
50000
50001
5575
8
19
50000
50000
50000
50001
76
1173
1
82
50000
50000
1362
50000
900
50000
50000
68
50001
50001
38
1
1536
423
50001
50000
53
79
1
50000
50000
50001
2
6634
1
5157
50001
26489
29
50001
2091
50001
50000
27
50000
4263
2341
50001
50000
11
50000
13612
50000
11
3
50001
283
50000
50001
10900
174
1813
148
50000
50000
50000
4
6
50000
50000
2
50000
50000
50000
10327
50000
377
21
72
50001
50001
35394
7
50000
50001
50000
50000
522
2557
50000
7
10
50000
32804
50000
50001
3761
50000
3
50000
5
50001
13
31011
16
50000
1
1707
4524
50000
50000
50000
90
215
1
8
1
50000
6
1469
2
50000
50000
50001
19
3
50000
310
50001
50001
6514
50001
8
15263
2
1172
50000
50000
1
34
6
2497
168
10
101
6733
50000
10
150
50000
1
50000
50000
50000
50001
11
61
2
50000
50000
50001
50000
36
1
1
1797
377
50000
2
50000
50000
42473
2918
50000
2
50000
41
50000
50001
63
50000
50000
1
238
7
50000
281
101
614
50000
50000
50000
1598
1
50000
50000
50001
50000
50000
50000
5254
92
50000
50000
50001
5289
44765
1
50000
2
448
50000
1
50000
2339
2
50000
108
50000
43742
50000
50000
50000
1
2082
513
619
3401
50000
13393
1
50000
4
1
9
3
50000
50001
1
2898
1
50000
27191
11
3
50001
1
1
4754
50000
2
50000
50001
1
50000
50000
60
50000
30
4
50000
10
50000
50001
50000
14
642
50001
1627
2
75
50000
50000
344
848
15215
756
8401
50000
3400
457
326
35
25721
652
50000
50001
596
50000
2570
2832
50000
844
50000
50000
5020
1
3
1
61
50001
9
2
50000
50000
43
50001
50001
50000
2
50001
6005
9
50000
50000
1
50000
26
29
50000
50001
50000
51
50000
50000
887
50000
50000
801
8401
50000
1913
14679
50000
50000
50000
50000
50000
1
50000
1
50001
50000
291
1
50001
50000
34295
210
86
50001
50001
14
50000
50000
50000
50000
50000
50000
1
6315
50001
34
50000
50000
50000
50000
50001
11417
2
4943
50000
50000
19
50000
1
2
50000
50000
3429
121
1
12343
70
50000
50000
50000
50000
50000
50000
50000
7606
1136
416
149
50000
50000
50000
50000
50000
430
50001
4
75
50000
10
3411
3
2
50001
10278
35
1
1244
7
7139
50000
17
1
50001
50000
50000
50001
27
1
50000
15906
908
26545
21575
50000
50000
10
50001
8
5438
7083
50000
50000
49
40328
50000
50000
5473
400
50000
96
1
3818
50000
1
50000
184
398
2
50000
11
105
6954
50000
1
542
1413
13783
50000
29
50000
23160
7018
558
4
9210
50000
50000
50000
50000
50001
40349
100
50000
869
50001
50000
2891
50000
4
50000
1
2
1
50000
441
118
206
5
468
50000
50000
50000
4629
50000
78
50001
50000
50000
587
1
50001
424
50000
50000
50000
50000
50000
50000
50000
50000
3
359
50000
1
50000
50001
50000
2
50000
1
50000
50000
50000
915
50000
50000
50000
17
185
50001
4900
3095
50000
303
27
50000
31
50000
1
50000
50000
2
1
50000
50000
3159
50000
50000
50000
50000
50000
50001
8561
4
50000
34
50000
4
50000
50001
1
50001
50000
50000
32497
46
935
50001
25
50000
53
8
50000
112
50000
49
5809
22
23490
50000
80
50000
50001
3
14173
13097
45
50000
43692
1
50001
574
50000
2652
2
1
50000
50001
233
50000
50000
1643
512
2
19
1029
50000
10
2
50001
1
50000
1702
4
50000
8
50001
50000
3
9962
137
50000
14
50000
21
50000
50000
50001
16108
50000
3071
50000
1
50000
91
50001
7134
23
40496
2
50000
50001
20
50000
30
50000
28724
50000
50001
460
50001
644
50000
2
400
1
50000
50000
12185
50000
82
50000
3
1733
3
50000
4
50000
175
3250
50000
78
50000
50000
50000
3
13
21595
50000
2
50000
3
50000
378
123
12104
50000
50000
50000
673
50000
75
7625
50000
2437
50000
50
5
50000
49
30471
2
12
42978
50000
10
50001
5313
50001
171
36
50000
1
50000
1
50000
5
50001
378
50001
8283
15934
50000
342
2
29005
50000
14744
214
50000
39
2
50000
18958
18
216
50000
1
3977
50000
50000
20
50000
3161
50000
50000
12791
50000
50000
6
50000
159
24
50000
50000
50000
2
13369
14
6535
50000
4
50000
50000
2
314
93
2
106
65
1
1797
67
36535
12
1
258
50000
456
363
50000
50000
4
50000
50000
50001
2
50001
1
50000
1254
50000
4217
2011
528
50
204
41
50001
50000
3518
50000
2
1880
50000
2
50000
50000
16
7618
50001
50000
13
50000
1
136
36
50001
5
229
50000
50000
50000
50000
20
1
1
50000
50001
5
50000
50000
8664
110
50001
2
1
50000
50001
14877
1
6801
2319
179
233
10
29001
50000
50000
425
50000
50000
30
2
68
3
50000
50001
75
4971
5
50001
32149
970
9
3
2
1
2
50000
18881
50001
50001
644
1
430
50000
15161
44
50000
22170
50000
161
13914
7725
50000
1
36
3
2
50000
50000
7
86
13
17
50000
50000
50001
298
75
50000
50000
15
50000
4485
50000
268
3225
6483
50000
1
1
1
69
31
16
2745
50000
5402
18348
1
50000
2
50000
25861
1
582
27893
15
1
20582
50000
50001
124
56
50000
1
1
61
50001
50000
50000
50000
45
4288
1
1
50000
1
25
50000
50001
2672
50000
50000
13932
12
248
265
42205
50000
50000
50000
2
907
115
50000
50000
72
50000
2521
6
215
50000
50000
5706
50000
221
81
11
84
7
50000
4
38353
50000
1938
50001
534
39110
1
50000
50000
50000
50001
50000
50000
50000
50000
507
2690
50000
50000
50000
50000
636
50001
50000
999
50000
50000
1898
2706
43444
13912
50000
50000
601
18304
23275
50000
50000
50000
50000
10867
50000
50001
50000
1588
50000
50000
50000
50000
987
50001
50000
50000
50000
1175
50000
50000
1
26645
502
1479
50001
1
43227
1
50000
50000
1
50000
50000
6094
50000
1
50000
17
2
50001
15256
50000
5723
366
3362
50000
35137
3372
7
15
50000
50000
2
911
1
1
50000
50000
1
50001
3467
29
50000
50001
50000
50000
25
10
1
30770
50000
548
50000
50001
40
50001
33388
5664
1
1327
1
50000
50000
767
19937
50000
832
164
50000
12
1
50000
50000
59
1
50000
50000
50000
50001
1
50000
44119
50001
50000
1
50000
4
2
50001
6300
5
1
3415
50000
58
50000
1
50000
50000
158
4248
50000
2
656
3
39213
28
50000
58
26
50001
50000
50000
50000
50000
1696
5
6
50001
50000
50000
1
1
2
6
50000
33
1290
50000
50000
50000
29
50000
11401
50000
50001
456
50000
1
50000
662
118
50001
471
50000
50000
24
50000
50000
50000
2096
6
50000
205
50000
50000
100
40284
50001
5
6
395
50001
1603
50000
50000
50000
50000
50000
11549
50001
22139
95
19606
9
50000
50001
50001
50000
10745
1
50000
1
50000
29876
50000
50001
22
50001
63
50000
2438
50000
149
7713
28
80
1
50000
5066
50001
49
50000
1
50000
50000
733
50000
3
8
8
469
5845
2
10819
50000
50000
50000
11229
50000
50000
65
50000
1
30185
2
302
4
3
50001
22
2
10177
36
50000
3
34807
2
50000
11
50000
50000
50000
29
2
50000
50001
191
76
50000
1082
796
50000
1431
8
50001
613
5
50000
50000
18
126
50000
50000
50000
50000
1
7
50000
50000
77
50000
4
2433
1
4
1
4102
50000
464
50001
50000
2
50000
1
3
50000
357
3
3192
50000
10
50000
2
50000
12010
50001
50001
50000
50000
827
593
50000
3677
50000
29195
6811
50000
22282
50000
34
95
57
50000
130
9382
7197
2393
183
50000
50000
2333
10
50000
1
50001
74
6
20028
17481
3
663
50000
12504
50000
50000
50000
4
2727
9
169
50000
50000
50001
50000
2727
50001
50001
50000
31
85
31302
50000
50000
2038
50000
50000
50000
50000
1297
7
50000
1221
50000
50000
50000
50001
50000
50001
50001
50000
50000
50000
50000
5908
5647
50001
8
50000
50001
50000
50000
120
2
50001
5723
50000
50000
50000
12009
1189
53
74
1
50000
1
50000
2
50001
50001
50000
5684
23495
50000
104
369
50000
10
105
98
98
7
1
1
50001
1022
50000
4621
50000
50001
50000
50000
125
19614
1
50000
50001
5274
42849
44387
1
1726
50000
18
569
50000
1
18
50000
50000
50000
548
50001
50000
4549
102
50000
50000
50000
50000
50000
16
50000
50000
15
113
50000
7911
702
10456
2714
6
50000
50000
2033
50000
26
48
50000
1254
50000
50001
1750
50001
50000
50000
50000
8054
50000
50001
50000
50000
13
17875
935
50000
7191
50000
1280
50001
50001
50000
50001
50001
50000
6510
1
1
7774
50001
1517
10009
50001
1
50000
50000
4893
14
112
3
34
50000
158
81
50001
50000
2
109
33794
50000
13
50001
50000
621
1
406
50000
4390
2
50001
1
50000
28962
381
50000
15
8111
50000
50000
50000
4
50001
12
50000
50000
60
1393
50000
50000
26211
296
357
6
50001
50000
1
50001
10237
50000
2
21
50001
31447
50000
50000
1
2
1
50000
50000
21929
1
9003
47
50000
50000
1705
50001
377
1212
12793
7947
50000
50000
50000
11
50000
23924
50000
50000
12
688
50000
1556
50000
50001
50000
50000
50000
50001
50000
50000
50000
50000
149
50000
19
50001
50000
26
243
50000
50000
50000
50000
1
50000
50000
797
50000
50001
50001
50000
116
2288
50000
50000
50000
50000
419
53
50000
10734
50000
50001
50000
50001
2667
50000
15
50000
4656
15
50001
50000
50000
50000
1
36
10
988
146
3
493
2
4638
8
50001
1
50001
50000
50000
16779
50000
7501
639
28
50000
50000
50000
14
2
1
1865
56
50001
50000
112
50000
50000
50000
1
50000
124
50000
8
44
47830
2772
22
38142
50000
4166
1
1534
15300
50000
55
50000
50001
7238
3
43
50000
50000
50000
50000
78
50001
50001
319
6752
1110
50000
50000
22373
691
50001
50000
50000
7
32226
9288
10491
66
12221
50000
50000
17
5081
50000
50000
50000
50000
1
1
50000
4733
8568
50001
50000
50000
3885
50000
50000
50000
50000
50000
3292
2
50000
50000
76
50000
1
50000
1
198
344
50001
9192
1235
28
17
46
1118
50000
50000
14
22120
50001
50000
50000
3255
2044
50000
50000
1669
12947
50001
5460
50001
1161
1152
1758
50001
50000
50000
1
50000
1
50000
474
50000
50000
7043
250
50000
50000
8950
9921
50000
1
50000
8295
706
5
50000
50000
50000
22099
50000
23819
50000
23
50000
50000
50000
50000
2464
31764
50001
50000
50000
623
50000
50000
483
13964
50000
1439
17025
50000
50000
50000
50000
50000
50001
50000
3
50000
273
1
91
50000
10991
50000
50000
50000
50001
50000
2
50000
50000
61
50000
15
5073
25
5817
50000
652
2
50001
50000
50000
50000
18
1
50000
50000
50000
8840
50000
797
2
3
50000
50000
50000
307
50000
50001
50000
21
50001
1
50000
1
8
211
2
1
50000
1327
12901
19
7730
50000
50000
1
1268
50001
166
10
1
30
2
18
50000
5
5346
24
23
1
50000
20
1
157
50000
50000
50000
50000
35
1
2
50000
50000
1179
20483
82
50001
50000
129
17920
1603
50001
17
50000
118
5
50000
50000
50001
1
50000
50000
50000
222
50001
970
50000
50000
9
862
50000
50001
50000
3
1
19514
50000
7976
2
50000
1013
12178
383
11737
1
21528
50001
50000
49936
50001
50000
50000
2
50000
8458
2
1
2354
42842
659
50000
17
50000
50000
50000
50000
50000
233
50000
2
32130
50000
50000
2
1084
50001
4505
4
1
50001
50000
26
365
759
1528
21
50000
74
23485
50000
1
41
50000
1085
7391
50000
50000
133
50000
32
1131
50000
50000
4287
2885
50000
50001
16
50001
6
50000
386
87
57
439
50000
50000
50000
20
50001
50000
422
50001
47859
50000
50000
50000
50000
19
516
50000
1
50000
50000
50000
50000
4
50000
7
50000
48520
202
290
50001
799
10978
50000
50000
50001
50000
50000
1
50000
1
4
50000
989
50001
82
50001
325
1
50000
50000
205
50001
9
50000
50000
4
50000
14511
50000
50001
50000
50000
969
10017
34
50000
50000
45872
50000
4
269
50000
18498
50000
50000
50000
50000
50000
5
50000
818
8
136
1
50000
6
7327
11
1
38
4
50000
50000
30
1136
25693
50001
50001
18382
3
6705
1
43
24
50000
4312
7575
2
50001
50000
2
50000
50000
2
8654
50000
1
50000
13
50000
50000
50001
3
1
1
2
50000
50000
50000
50000
50001
127
50001
50000
1
1
50000
50000
8
4
211
142
152
14722
50000
50000
1
13205
50000
50000
23148
3
2326
74
42970
62
41435
50000
1
50000
50000
50000
1
50000
7078
44230
50001
50000
23959
135
50000
29
50000
24
4
50001
4620
50001
5
43
13674
50000
50001
951
50001
50001
48
50000
50000
328
50000
50001
1
17
50000
50000
50000
50000
46
12
50000
50001
50000
50000
1436
3
50000
50000
50001
50001
50001
450
10
50000
1032
50000
1589
767
7
50000
34
50000
50000
10
50000
50001
50000
1
2257
1791
4
18584
50000
50001
8
11169
50000
32
50000
50001
50001
50000
50000
28
3
50000
121
15748
50000
221
50000
167
3724
55
50001
50000
50000
184
50000
60
4
17
50000
58
551
19
50001
50000
18110
50001
50001
50000
2
50000
50000
1
6874
1215
7224
50001
50000
2
12727
50000
50001
10
41
1
50000
20
1737
229
52
50000
21349
1
5
50000
50001
3
5618
20
1
941
1
210
50000
29288
4934
50000
1274
97
50000
50001
50000
1016
13864
44753
6
3
50000
1
362
50001
50000
1023
50001
31
429
3
50001
548
50001
50001
77
63
50000
50000
2666
50000
93
80
5
2
84
50001
816
50000
5466
50000
5
50000
3653
50000
50000
85
2
50000
50000
50000
754
18
1
50000
5
22420
62
50000
50000
50000
50000
50000
50000
50001
48521
50001
50000
50001
50000
2
50000
50000
50000
50000
1
50000
50000
424
50000
12
60
811
10
50001
50000
9
1
50001
3058
1894
50000
26
50000
16765
216
50000
1919
38162
3
50000
8166
1
50000
2255
50000
50000
50000
50000
2
29
2
8892
50000
1
5
3275
4862
50000
36
50000
50001
42
1
1046
50000
6
50000
14366
50000
12
3
2
40
48
50000
15200
2
50000
50001
221
83
50000
50001
50000
6
6222
50000
50000
50000
50000
50000
1
50000
50000
50001
50000
50000
50000
50000
50001
109
2
22350
50001
4
251
50000
50000
62
50000
50000
953
10079
50000
50000
50000
50000
5
50001
50001
50000
4
448
50000
2950
24
7
1
2
11
50001
9
50000
50001
154
50000
50000
50000
50000
12
7337
12656
50000
50000
50001
1
4703
50000
1081
50000
50000
50000
50000
50000
50000
1
24691
50000
17567
50001
50000
394
50000
50001
3
50000
50001
17
15
27583
50000
152
50000
50000
50000
134
122
50000
50000
11678
1
20
17850
50000
26858
519
7296
41776
762
50000
50000
2
4922
8
50000
50001
17
50000
115
24002
50000
50000
50000
217
460
349
120
46893
179
50001
50000
4680
74
24
10484
50001
78
50000
105
169
50000
1678
50001
50000
50000
198
290
6
34
20197
50000
50000
50000
50000
50000
129
48
50001
50000
50001
1
50000
3208
67
50000
80
50000
2
50000
2
42126
1
50000
50000
40
50000
147
13059
12228
11
50001
8625
50001
3
1
50000
26
50000
4746
154
50000
45
50000
50000
50000
3135
92
50000
14
2
50000
50001
1
50000
180
4664
1
73
50000
3
226
50000
32
50000
6
50000
1
7163
27
50000
1
22
50000
1
220
50001
1
50000
9
1777
3
50000
383
59
50000
5
4
33
50000
50000
2
50000
50000
5090
50000
50000
81
50000
50001
50000
22
50001
50000
34314
280
70
46
50000
1330
14
5
50000
26
4442
119
50001
31
39676
10873
50001
50001
50000
50001
1
50000
50000
50000
50000
961
24624
3882
2
50001
21456
50000
842
1
50000
29848
1
474
50000
50000
12
50000
50000
2
