4
50001
50000
50000
1211
540
707
50000
50000
5
50000
39038
344
50000
83
1
3
17
28277
50000
50001
50000
50001
50000
3995
620
50001
9168
1
50000
50000
50000
2
141
4
6
50001
112
37473
3631
50000
4
42056
50000
30
5525
1772
6189
50000
574
50001
8370
50000
50000
50000
4
50000
1562
31663
3
50001
50001
54
12
17
50000
20707
50001
23
26
50000
50000
50000
50000
50000
670
45
3
50000
7179
14
1
3
50000
141
5
50000
494
22558
50000
50000
12
1
50000
37
46686
1
50000
50000
50000
22413
50000
1
12223
4306
1
10
154
5
50000
765
50000
50000
50000
50000
10
50000
50000
9
9
47
1
1
3
31
1938
50000
50000
50000
7
50000
2
50000
9
6
24806
50001
163
50000
487
50000
5705
50001
50000
50001
1
50000
50001
1
30421
17
50001
5
2
50000
10
50000
50001
3
50000
1
3
1205
50000
38
50001
6914
6
6451
15
1
50000
1
1817
50000
50000
24
4
50001
340
50001
50000
50001
50000
50000
50001
50000
50000
50001
80
50000
33
43406
13
3
50000
50001
50000
50001
50000
50000
50000
50000
50000
1291
168
845
135
50000
50000
12
50000
50001
50000
7
5
50000
50000
50000
50000
1
656
1
50001
50000
50000
100
50001
50000
4573
1403
1
50000
11043
50001
50000
50000
45
600
10
1
50000
10497
50000
50000
31244
1162
50001
50001
27241
50000
50001
36
2
521
50000
155
287
5
171
50000
50000
34
50000
50000
50000
50000
16
2
50000
50000
49822
4
50000
50000
4
50000
1
50001
50000
37
50000
12
1
50000
1
50000
50001
50000
41
50001
50000
50001
1638
3
50000
5
50000
841
13687
50000
50000
1198
50000
4220
404
2
50000
50000
211
50000
43202
50001
5267
50000
50001
50000
50000
50000
50000
8
50000
50000
91
49
50000
3644
50000
2
50000
50000
50000
146
50000
555
50000
50000
1
1304
32925
1323
50000
50000
50000
50000
50000
50001
50000
50000
104
33
50000
849
8
279
50000
2065
7807
628
50000
50000
50000
50001
50001
260
2
5752
1143
50000
50000
50000
11222
22
50000
2
5
50000
1
50000
200
6
50001
50000
352
6
75
50001
1
50001
780
50000
1
3281
1
50001
1329
404
34561
23
50001
50000
50000
8539
18085
50000
26
2059
50000
50000
4532
25706
148
50000
50001
50000
1
50000
50001
1950
8
50000
5424
20517
431
43
50000
50001
50000
7599
6
50000
18
50000
50001
50000
50001
50000
43092
10522
10451
50000
50000
50000
50000
1
11058
2
50001
50001
20111
50000
50000
2280
1266
50000
50001
35
49504
8260
50001
50000
1
37512
50000
50000
1353
50001
50000
19
138
50000
7
244
50000
40
432
123
50000
601
50000
10
1
8665
50001
50000
50000
5
3
4
1
50000
8673
50001
20401
50000
50000
50000
7
3890
1936
41
27693
50001
35536
50000
28
50000
157
2267
1
50001
50000
50000
182
34
41
19
50000
50001
2
1
1411
486
5183
50000
22
50001
50001
50000
4292
50001
50000
50000
50000
50000
2835
50000
50001
50001
1
50000
105
28
32468
946
95
50000
16
50000
46
2
11
6
2
177
50000
2377
50000
1
50000
50000
50000
162
1
50001
17
1
50000
1
6
50000
50000
4
7
50000
50000
5691
50000
50000
7569
50001
50001
870
32
50000
57
50000
1196
11512
5
50000
11
50000
50000
1
50000
60
1
1
17793
50001
7608
3594
6
50000
50000
50000
1
358
50001
1
50001
1291
1
50001
50000
770
50000
4967
50001
50000
10
35
50001
50000
50000
50001
50000
27985
9142
108
50001
50000
1747
95
50000
167
50000
50001
50000
50001
50000
50000
50001
6
28
50000
37
5965
50000
19
50000
50000
1319
3
50000
513
393
9904
7819
69
50000
497
42
50000
3557
50000
50000
28433
739
1507
2667
7
50001
50000
50000
172
50000
50000
212
510
50000
2
50000
50000
50000
100
552
50000
769
1
1
50000
50000
50000
9
50000
7248
50001
167
50000
1
50000
50000
50000
1
13
197
13
20
50001
5
50001
2491
9
1
2
50000
1
1
50001
50000
1
50000
3335
50000
90
224
50001
898
13545
50001
329
50000
5
30
50000
42
10562
24462
50001
50000
2
10
44768
50000
50000
50000
1
50000
50000
50000
4
50001
50000
15297
50000
7565
4
50000
524
288
50000
66
49049
13
50000
1
50000
205
50000
51
50000
50000
50000
50001
50000
50000
50000
50000
1
50000
50000
50000
50000
13
50001
50001
50000
50000
114
50001
2
4069
50000
50000
50000
1
50000
1191
50000
50000
1
404
731
50000
732
1
50000
45
1446
50000
1
50000
26
50000
90
28
50001
1
50000
50000
17921
50001
50000
33
50000
2456
862
47
50000
47
50001
32322
50001
50000
50000
50000
1
50000
20
41
52
16049
10
11082
1955
457
50000
4
50000
50001
3
50000
50000
100
50000
353
50000
50000
13403
50000
5020
50000
9797
6
50000
3
50000
8
9202
118
10
9761
25
2
50000
50001
50000
36277
50001
50000
2217
23
50000
50001
50000
50001
50000
1
10
50000
5
50001
50000
2
4
50000
12
1
1
50000
50000
50000
50000
10199
50000
1
17209
14
1757
37442
275
50000
50001
50000
50000
50000
50000
50001
50000
8041
7
1
105
141
1
50001
50000
50000
158
19
50000
50000
50000
50000
9
50000
2
50000
202
50000
2195
76
44755
4
50000
1
25
50000
50000
44
11
1
50000
50000
50000
50000
55
19
50000
4
50000
2
50001
7
50000
2790
5162
26685
37439
50001
8652
424
50001
4
50000
212
50001
4
50000
50000
140
50000
50000
50001
50000
50000
50000
662
50000
50001
3737
50000
4
3
50000
1
50
1
6684
50000
50000
2
50000
13947
7
50000
16
960
2
50000
32133
50000
120
235
50001
36
74
50000
1
50000
50000
50000
50000
50000
22
1204
50000
50001
50000
50000
50001
60
39438
5185
50000
50000
50001
50001
1
4537
18
50001
50001
40
1449
5
274
50000
50001
50000
50000
12121
3
50001
50000
1
13834
3
50000
50001
12
21718
4
4
1
50000
50000
50
568
197
50000
50001
3
50001
7
50000
631
1873
5
2
44195
3
4
50000
80
33952
50000
795
50000
2
16895
50000
50000
50000
17865
15
448
1030
50000
50000
1
50000
50000
50000
50001
50000
90
1
2884
50000
1
50000
50000
50000
50000
50000
50000
50000
382
50000
50001
50000
1
5
50000
50000
50000
50000
11
4024
50000
1
142
21979
124
15
2084
50000
192
50000
468
50000
50000
50001
42015
98
6138
1
925
1289
50000
1
50000
50001
68
50000
249
68
50000
50001
70
50000
123
851
1
50000
50000
6383
50000
1
3416
1
311
498
50001
120
72
1
40782
1
50000
50000
3
50000
3
1396
62
4
50000
1083
2
809
4512
6
50000
50000
50000
5649
13
17487
50000
1
1
50000
50000
50000
40370
666
37
50000
11
16
50001
50000
60
50000
6070
50000
50000
50000
50000
50000
50000
50001
50000
6
2
50000
50000
18
50000
3843
3
50000
2
50001
1804
951
37
41965
6
50001
50000
2982
50000
50001
50000
5
50000
50001
50001
3615
2
50000
50000
2
2627
50000
50000
50000
50000
2
50000
529
50000
3492
262
1
50000
50000
2
50000
915
1
50000
50000
17
50000
50001
1
549
50001
43
4598
6
50000
33
50000
50001
50001
6419
50000
50001
50000
10873
50001
50000
19
8456
50000
50000
50000
321
50000
50000
50001
1973
50000
50000
240
50000
27719
50000
50000
50000
10898
50001
142
50001
50001
152
50000
50000
39
28731
2
77
50000
50000
50001
50000
5448
1
50001
50000
3087
50000
50000
320
50000
50000
197
32
50000
9
50
50000
50000
50000
3350
1072
1534
26229
306
50000
50000
50001
50001
1917
1253
50001
50001
1
19
39294
18420
50000
50000
50000
50000
50000
50000
2
160
13647
50000
50001
50001
50001
167
50000
5
50000
498
50000
4
50000
85
2337
50000
241
2
50001
50000
3943
50001
404
26
54
5400
50000
1
18
50001
50000
2
50000
50000
5858
50001
24750
50000
1
50000
30493
50000
50000
50000
7
50000
1
14
8
50000
1
126
6509
3
10
11391
50000
50000
50000
50000
11
41387
50000
103
50000
50000
50000
1
62
50001
6
7
50000
50001
266
50001
285
50000
50000
50000
6
50000
50000
50000
5
714
65
50000
50000
5
1008
12820
50000
1011
50000
184
50001
50000
50000
50000
50000
11817
4621
17294
50001
35587
81
131
50000
5
50001
30215
697
109
50001
2215
50001
621
13
50001
50000
50000
42839
50001
1
50000
50000
50000
50000
50001
50000
50000
50000
50000
83
50000
50000
2282
50000
1
50000
50000
50000
12
280
20
1
50000
6678
8
50001
22861
1
50000
50001
224
105
1
50000
50001
50000
50000
50000
50000
50000
87
70
176
50000
4532
11708
50000
50001
59
50001
50000
527
50001
50001
1
50000
1297
50000
50000
50000
50000
272
1
2130
4
13694
50000
50001
303
220
50001
2
7987
1
8231
3674
761
4
50000
50001
50000
3178
1
50000
50001
50000
50000
50000
7041
56
50001
42743
50000
50000
50000
1
3
8143
50001
116
294
50000
2
24
239
50000
1
50000
50000
50000
1
50000
19
13521
15531
1
3
50000
1779
50000
1
1880
50001
5
50000
3
50001
2
50000
50000
50000
13
3
17
50001
50000
50000
50000
26655
41296
50001
109
50000
283
9
664
47829
10460
257
491
50000
770
782
50000
9900
50000
22159
50001
50001
5
50001
6
50000
50000
50000
50000
1409
17
3
7
29
81
50001
76
50000
50000
115
50000
2981
1285
2
50000
1
50000
14
2
50000
108
50000
31
3
5
50000
43562
13377
3734
50000
19
1
4037
50000
1
50001
50001
623
37
50000
36751
50001
1
50000
50001
23
169
1165
50001
50000
9
12
506
50001
50001
50000
16
50001
404
4
50000
86
3
50001
706
50000
50000
50000
111
50000
50000
50000
50000
902
50000
15
1
5
45005
6
50000
7527
50000
1
2728
140
50001
1894
50000
50000
1
820
25605
142
4653
5
156
19
39
197
3248
50000
50000
50000
29
50001
50000
50000
140
50000
50000
50000
50000
50000
147
50001
50000
43
50000
50000
50000
31342
50000
50001
16894
50000
1343
50000
2
1
50000
50001
50000
3334
4403
57
203
3078
50001
1
254
1219
50000
50000
368
50000
50001
50000
50000
50000
1
2
50001
709
50000
50000
20996
10003
50000
50000
50000
50000
50000
50000
3601
50000
50000
1
50001
11
6556
50000
50000
1943
50000
50001
1
50000
50001
42
50000
50000
954
50001
50001
50000
50001
50000
50001
50000
16648
50001
50000
50001
50000
1
50000
50000
50000
6322
30066
50000
50000
50001
290
50000
50000
352
50001
293
1
1
17
50000
559
7
1054
50000
50000
563
8
1
1
50000
50000
180
50000
50001
1185
16932
50000
50000
5564
50000
9597
50000
50000
34
50000
50000
50000
4
50000
1
50001
36
2476
50001
3830
50000
50000
92
16029
43
10710
7
50000
930
50000
50000
102
39
2
4
50000
1192
50000
11834
2
50000
50000
1
50000
50000
5
50000
50000
50000
6
33890
50000
2460
29
3
85
1
839
50001
1
50000
50000
125
14
18973
2
50000
50000
58
50000
2
50000
50000
54
50000
6
39
50000
50000
1
40
385
50000
50000
50000
8646
50001
50000
50000
50001
20101
498
50000
50000
50000
50000
50000
8
2
6
50000
1
3
50000
50000
52
50000
50000
4
50000
50001
50001
5286
50000
50000
50000
50000
35
13235
50000
4
50001
455
50001
50000
1077
1
4
50000
19
50000
50000
2340
50001
50000
50000
1786
50000
581
50001
8
50001
50001
50000
2
3011
204
50001
13145
50001
1
194
2393
221
50000
7
50000
5
50000
50000
4
17
50000
1
50000
227
50000
10
50001
50000
4898
18
10941
15
6
21
2299
35893
8
50001
50001
2
50000
3
41
50000
50000
97
50000
227
50000
50000
50000
2
50000
4
50001
6689
13721
1
50000
434
50001
60
50000
15
50000
50000
8
50000
50
4743
50000
50001
50001
50000
50000
11
50001
2
50000
50000
50000
50000
116
111
50000
50000
50000
50000
50000
50000
50000
50001
50000
199
24
42
50000
17
50000
27
50000
50001
50000
50000
50000
50000
1266
50000
1457
2243
16
640
50000
50000
1
50000
50001
19
25
1104
126
50000
50000
9529
15756
50000
348
929
50001
63
53
1
4196
50000
31
50001
50000
44
324
44702
50000
9498
37247
50000
50000
50001
50000
50001
5122
50001
2
50000
87
50000
86
1496
50000
162
50001
8684
5
50000
527
50001
50001
18436
1
50000
1372
3
631
269
50000
50000
50000
129
50000
1292
50000
2
50000
50000
55
1
4905
5
1
50001
50000
50000
12174
50001
50000
50001
50000
2
14
2
50000
50000
169
50001
50000
1
1
104
11816
81
67
115
50000
50000
2672
2338
50000
50000
50000
50000
50000
3
1
50000
50000
220
28443
50000
6990
165
50001
50000
50001
724
50001
50000
2677
10
50000
50000
50000
17543
50000
50000
50001
1
50000
50000
573
50001
50001
50000
50000
1
50001
227
50000
7
70
8
42
50000
50001
199
50000
50001
25790
50000
69
690
50000
50000
19
46
50000
1314
61
7
50001
733
50000
50000
119
203
50000
1164
50001
50001
218
240
2
50000
5
857
50001
137
59
50000
31
2
2
18
7
50001
40
50001
1483
34
50000
50000
50000
50000
36305
2
6501
45692
4
50000
50000
50000
25
1
651
137
267
50000
7
37
50001
50000
50000
170
503
365
50000
50000
50000
15058
1
19
15
50000
50000
4
33584
50000
50000
50000
50000
50000
2906
1
50000
7721
50000
50001
1
1
30072
50000
50000
50001
50000
50000
50000
6
50000
1275
1
41608
50000
98
15617
231
2
50001
50000
50001
21273
50000
30388
50000
50000
7
50000
50000
23
50000
92
13
1455
1
151
7913
50000
50000
1830
50001
1
50000
1742
50000
50001
50000
13783
22802
50000
907
50000
8
2
142
50000
50000
50000
50000
50001
50000
50001
50000
50000
50000
297
154
50000
50000
50000
50000
2616
15
19
427
24000
50001
50000
35
50000
1242
1
5
2658
1709
1
50000
397
81
50001
6
50000
26122
50000
5371
50000
2201
4
2419
50000
2
50000
47
50001
79
50000
15
38
30
50001
73
50000
12
115
14021
82
50000
1480
63
3
50000
50000
2
1928
50001
50000
50000
41475
50000
22
214
1
16714
1
7560
50000
29557
1
50001
50000
50000
1
243
50000
50000
50000
23550
25421
50000
11
98
50000
6929
50000
861
21625
335
9949
2134
50000
50000
30384
155
11
50001
50000
50001
1
50000
14
50001
50000
1
9
12
392
50001
6941
7342
42364
12
50000
50001
480
2778
147
30
50000
3363
1
50000
1098
50001
16544
62
356
50000
1
50001
50000
50000
50001
50000
291
1
4
50000
50000
48987
42
50000
186
178
50000
50000
2095
50001
50000
50000
50001
1491
6
50000
50000
50000
50000
50000
8
229
50000
47365
50000
102
8
530
3
4
942
87
50000
5
50001
50000
11
50001
50000
50000
111
50001
50001
2336
7
50000
50001
75
122
50001
50000
50000
10
50001
869
4
12
50000
50001
50001
384
93
2
70
50000
1
50000
50001
39
9
50001
30051
50001
20
3455
20
50001
50000
6
50000
50000
50000
50000
50000
50000
50000
1
50001
50000
29318
50000
50000
7
320
34
50000
24163
50000
4
50001
2
28029
50000
1
2
50000
50000
1410
1903
50000
50000
1
50001
50000
43
40
50001
16427
50000
50001
40
50001
50000
1
270
50000
50001
50000
7604
12
9316
50000
1
50000
50001
3680
50001
36275
44
50000
5938
1
50000
677
50000
66
50000
314
176
1375
17
50000
50000
50000
2
3
2651
7
1
40
218
20
7
50000
1599
50001
50000
50000
1
1
9
50001
2
50000
2
7476
4167
10
50000
50000
1
35206
1
119
50000
50000
50001
11
1046
7
50000
174
50000
50000
50000
24
63
1078
50001
50000
1
378
50000
50000
497
50001
1043
14604
50000
6
1906
33
50000
21
50001
50000
50000
103
347
50000
50001
50000
3397
59
9221
50001
41
50000
50000
50000
50000
1
50001
50000
140
50000
1241
50000
50001
22950
74
50000
2010
5
1863
62
1
1
2
159
50000
5
1
50001
1
2076
1
50000
6
2
50000
50001
50000
50000
50001
2075
50000
107
50000
50001
50000
94
3746
50000
1
5067
50000
179
100
50000
72
15
24536
50000
50000
3
32
3
27
50000
34606
784
50000
10540
50000
50000
4166
50000
50000
1402
61
1053
4
1
2
2
4
4760
50000
281
50000
50000
40
50001
50000
50000
50001
47806
1
16
50000
50000
10478
795
50000
912
35585
50000
5
50000
1095
50000
50000
50000
1318
50001
50000
50000
50001
873
1
23
50000
50001
7892
50000
50000
3
1
2
2
1
20
7
50000
50000
37477
3674
13160
50000
2
50000
50001
22
1129
45
1
50000
3
5597
50000
824
1548
11
1
50000
50000
155
662
9
1
3
6
50000
50001
50000
50000
50001
50000
50001
21
50000
3389
50000
39709
30
51
50000
40
371
2787
50000
19
50000
5654
50001
50000
7566
32039
50001
50000
50000
10726
50000
36822
50000
50000
225
1
50000
50000
50001
50000
4557
10425
50000
582
50000
1166
510
43
200
50000
2521
50000
32870
50000
50000
2299
50000
50000
50000
350
50000
206
50000
2
12239
2336
1
50001
50001
50001
32
11
50001
50000
1
50000
50000
50000
50000
37067
7
20
50000
50001
50000
50000
5279
50000
236
29358
22
50001
6373
664
210
50001
50000
50001
8
50000
2508
555
11
29347
2
50001
30
50000
129
2
50001
1955
50001
9
41
50000
50000
50000
50000
50000
63
283
50000
50001
1
46871
12223
50000
1
50001
50000
50000
50000
1
132
2400
50000
50000
50001
500
50001
50000
50000
195
3
342
50000
50001
24524
1
50001
50000
33653
1334
50001
2
50000
1
51
50000
1
50000
3429
50000
695
68
50000
2
50000
113
1
50000
50000
1
1
50001
1
852
50000
50001
50000
10
50001
50000
50000
16
50000
50001
50000
29
2266
50000
50000
50001
1777
7
50000
36
50000
50000
424
50000
50000
21
50000
50000
42
1
2
50000
24
289
18102
23
12
50000
3830
2515
50001
50000
1
32
50001
50000
15
30999
1
50000
147
177
50000
149
1
1224
13644
50000
50001
50000
50000
711
5
50000
50000
50000
50000
50000
50000
50000
50000
50000
1013
12
105
6
50000
514
50001
47505
50000
26028
18008
50000
50000
50000
50000
5499
79
28
50000
2790
50000
7
277
50000
485
50000
50000
620
2
274
50000
3983
50000
5
145
246
50000
50000
50000
1
415
50000
50000
48
7
4380
15466
50000
3
50000
50000
50000
6
11
50000
45108
50000
50000
73
776
50001
50001
50000
50001
50000
2
4
51
50000
4139
50001
50001
10
50000
50000
1736
5385
1
50000
2
23407
50001
6622
17319
50000
469
1
50000
50000
50000
1450
1
50000
50000
50001
17
34488
1
50000
1118
2746
50001
50000
50000
1206
7552
50000
50000
2299
50000
50000
50000
27963
109
1
9
50000
212
8
50001
5418
1
2826
10671
50000
1
50000
50000
50001
50000
52
48318
50000
39699
50000
50000
50000
50000
50000
44912
15116
2
18266
1
50000
30311
1551
50000
1771
50000
566
50000
143
50000
49188
50000
791
50000
108
2062
1
50000
50000
421
50001
50000
11193
50000
50000
50000
50001
2
1
48
1
50000
1
50001
2
54
3675
287
50000
50000
50001
50000
50000
50000
50000
50000
50000
50000
50000
11
14
50000
50001
50000
2
50000
2
4
2
1
50000
471
50000
91
50001
335
50000
31124
50001
50000
1174
50001
50000
9
50000
1141
50000
50001
1
19
34998
50000
18
50000
364
50001
12628
37222
50001
50000
1
81
50000
10
50001
7
1793
50001
50000
50000
50000
50000
12
2119
50000
20217
50000
50001
2
50000
50000
33
50000
3959
50000
7
3638
50000
50000
1
50001
50001
3
50000
50000
50000
50000
50000
1
50001
4536
50000
1
50001
54
2224
50001
219
50000
43
6550
37725
17
966
50000
50000
1
50001
50000
50000
50000
50000
1780
460
38169
31927
50000
50001
4586
9
2756
1
50000
40
50000
50000
1358
50000
50000
4518
1
65
50000
50000
24
50000
74
3
6
371
50000
50000
50000
484
492
198
1
29
50000
50000
18
50000
7
50000
1
50001
13
242
50000
558
5260
50000
50000
50000
50001
50000
50000
50001
50001
1
50000
123
22
55
10317
201
681
50000
4
50000
5
50000
1
50000
1
1
2
50000
50000
18591
2
2442
50000
50001
2256
50000
99
50000
37729
2
50000
50000
50000
50000
12161
3
3406
50000
50000
30867
50000
1364
12029
423
50001
50000
1537
1
1
7
50000
12
5
50000
50000
1162
991
50000
50001
4
60
1990
7
5625
50000
285
50000
50000
50000
50000
50001
50001
38
31172
50000
2349
50000
1306
50000
353
1
989
50001
3
168
50000
124
50000
7
50000
50000
125
6035
50000
50000
50000
1
50001
21264
30
2
50000
50000
50000
1155
50000
2
6259
50000
6029
50001
1
1313
50000
50000
50
50000
1
4640
718
1
50000
1
343
50000
5
50000
4554
50000
50000
2
1
50000
50000
50001
50000
50000
8624
50000
6
15
50000
547
50000
4
460
50000
555
50000
4
50000
2
50001
50000
1399
50000
50000
42
50000
50000
48300
16649
26
6659
1
50000
29032
50001
11315
1
229
50001
50000
7843
50000
12959
50000
12
50000
50000
50000
50000
50001
95
50000
50000
1
1
14082
50001
50001
25
50000
50000
50000
50000
50001
50000
1
177
50000
50000
13
50000
50001
1
3
50001
50001
50001
1
2
50000
50001
28253
105
14394
548
50000
12448
18
50000
50000
50000
4450
50000
761
50000
50000
50000
50000
606
50001
42
2
1
1
39
13404
10977
8
50000
50001
50000
50000
50000
1597
50000
4939
5
28
50000
38
8836
50000
50000
50001
50000
50000
17
50000
50000
103
50001
1644
436
50000
50000
50000
50001
50000
50000
50001
1
3
50000
50000
50000
50000
3831
50000
3
2
50000
50000
171
50000
50000
50000
50001
6981
841
50000
50000
50000
1
4
1
50000
2
50000
50000
573
50001
7
1380
289
1140
50000
39665
42
2
666
113
50000
50000
1
50000
295
50001
12554
50000
1058
50000
50000
1
50001
1855
50000
4493
1
50000
1941
50000
17
50000
50000
50000
50000
4347
3
50000
50000
50001
1812
50000
13
50000
1107
50000
11
50000
50000
23034
50000
346
6
568
43
50000
50000
30064
31
180
32
4747
50000
50000
50001
37
7
50000
2
1
50000
50001
50000
58
121
50000
50001
339
50000
50000
2
50001
7
48
4154
41478
1253
49766
5
50000
50000
50000
50000
50000
50001
50000
807
6
50000
1
1
50000
24
50000
15
50000
2
559
11
50001
32955
50001
7
8
50001
50000
50001
50001
875
1
104
50000
2
50001
76
3888
38
1
769
50000
10
50000
50000
47
518
1
14214
50000
25
4
50000
50000
10
1851
1
50001
31
18
50000
50001
50001
90
50000
50000
50000
50000
19
5907
54
50000
1359
50001
50000
52
7
50000
50000
1
50
61
50000
50001
32299
1
50000
1533
50000
50000
50001
50001
3553
50000
35026
4
50001
50000
50000
50000
1
6
17
2017
50000
50000
2
50000
50000
50000
3106
128
50000
50001
127
50000
3985
50000
17448
50000
9433
2
50000
68
50001
50000
50000
50000
50000
20
1217
2
50000
57
5
50000
50000
19853
50000
50000
11
848
50001
50000
17
3910
50000
50000
50000
849
16768
50000
5511
1
50000
256
41
50000
50001
50001
50000
50001
50000
50001
122
12555
50000
3570
50001
50001
27263
1536
50000
50000
50000
50000
50000
1
50001
50000
1
1
1590
11975
50000
50000
1
12
26818
626
50000
44
39069
1
2
8
50000
50000
89
36
50000
50001
50001
33
8
50000
50000
50000
50000
38
3141
50000
10
7
16182
5
50000
50001
4
50001
1383
6
50000
50000
50000
57
1
50000
50000
50000
50001
1
50000
13316
43
34
12
384
50001
40
18
142
2
21811
150
8
50000
50000
1
33
36297
12
50001
25
1
466
34
50000
10
15
50000
50001
8
5
97
12
50000
13
2
1
507
374
50001
8
50000
12
50000
50000
50000
50001
1
50000
50000
25
50000
50000
97
50000
1
16
7
6
50000
50000
50000
50000
50001
50001
3616
50001
3
282
50000
50000
7
50000
543
50000
50000
6277
50000
50000
50000
32
50000
50000
50000
50001
2
10
50000
50000
50000
384
50000
25
4
50001
50001
1
18105
50000
50000
50000
50000
31
80
50000
50000
1
340
896
50000
50000
888
50000
1
4
3
50000
50000
50000
3440
50000
399
50000
12
19
50000
50000
5
50001
2
50000
50000
44205
50000
2
360
533
50000
16896
5
37976
101
50000
50000
2
50000
1
50000
50000
293
50000
50001
50000
50000
1
1
2625
50000
9
11075
15
17
50000
12842
29447
90
50001
50000
50000
50000
50001
10
1560
10
4
50000
131
1
3867
431
49806
50000
14
50000
3599
754
2
50001
1011
35
12
6
114
6171
1
50001
50000
50000
2703
14
5
2987
19212
26
50000
655
215
50000
17982
50001
1
50000
50000
50001
50000
38
50000
11
50001
50000
50000
50001
8973
181
50000
25261
2
5887
1
50001
35
38198
50000
31222
50001
50000
17
50000
46
32
50001
1
24
7785
50000
11
50000
50000
2
19
50001
50000
1
105
309
1
883
50000
1
50000
6399
13
50000
182
50000
14633
1242
1
50000
24
50000
50000
50000
37650
50000
50000
50001
50000
78
1
1
50001
50000
50000
50000
50000
1870
50000
1
50001
1232
548
37532
50000
12
254
50000
50000
428
50000
50001
50000
19842
32
3
50000
25
50000
696
50000
9708
50001
100
50000
50000
50000
50000
50000
50000
3
50000
1
50000
3
724
50000
50000
50000
5
2364
1
50001
50000
50000
2160
1725
42185
5128
50000
2922
826
517
50000
88
50000
50000
80
50000
50001
105
1
1029
21
7754
7
5
3205
50001
50000
41375
50000
50000
7859
50000
1
50000
50000
1
277
74
50000
8
50000
50001
50000
50000
50000
50001
40
50000
72
50000
50000
33444
10
50000
50000
50001
4067
1
50000
3
50000
1
32
18
50000
1247
50001
50001
50000
2
50000
50001
50000
50000
50000
225
3
896
50000
24
1151
3831
2
1
3
6
50000
50001
50000
50000
50001
1980
2
11464
50000
492
50000
18419
202
16
50001
12384
4
14
1
23003
32
68
50000
50000
50001
50000
50000
50000
50000
50001
50001
50000
1
288
26
50000
50001
50001
1
50000
50000
14
2
1
3617
50001
50000
50000
7204
26644
50001
50000
50000
50000
448
50000
41679
50001
50000
50000
93
8
20
50001
1
50000
85
50001
50000
1220
567
50000
50000
50000
50000
50001
7714
50000
50000
165
50000
1
2
50000
11765
50000
50000
50001
50000
50000
50000
2
18
50000
12
136
1
164
50000
50000
6008
50000
528
50000
1
50000
50000
390
50000
50000
50001
1
50000
50000
50001
1
50000
50001
1
2
50000
50001
20259
50001
50001
50001
50000
8313
24
50001
341
2094
50001
132
1
50000
50000
50000
587
50001
45346
50001
2081
50000
50001
50000
3496
50001
50000
50000
50001
50000
50001
50000
2061
45
147
1
50000
138
16
754
37361
50001
50000
50000
128
50000
1
41464
16
8013
181
4
6
4349
1
50000
15
14
21829
50000
4
50000
50000
1724
50000
61
50001
4
50000
8
2
50001
50000
50001
50000
50000
681
50000
22
50000
50000
25
50000
50000
5
50000
50000
50000
3
6
1558
50000
1
50001
25271
50001
50000
429
8
15
50000
17
422
16555
14000
6
4
1
50000
50000
50000
30
1
138
635
23843
50000
48
50000
364
7
35
50000
50001
25
50000
50000
50001
50000
50001
50000
50001
48
50001
249
2892
14
26
50000
50000
44805
50001
35
25639
5830
21098
50000
50001
2
50001
2
50000
1
50000
18
50000
50000
4
50000
50000
851
8
5
120
4521
8667
50001
1
50000
66
33367
50001
6698
71
50000
681
50001
8995
45300
85
50000
2328
57
1
50
50001
119
50000
50000
50000
10
10
2
6
442
88
50000
10
902
1
950
50000
3367
50000
50001
50000
50000
50000
50000
8028
50000
26577
50000
50001
50000
8630
50000
50001
50000
50001
50001
50000
50000
50000
50001
36814
2873
11
50000
50000
77
50000
37
44
50001
1
147
50001
50001
719
18143
9311
36441
50001
50000
1256
50000
1
312
1
50000
1
27
50000
15663
50000
2
63
50000
9976
50000
50000
50000
4
2150
4
9
5346
50001
639
50000
50000
50000
13
50000
50000
50000
50001
50000
50001
50000
16
50000
34
1345
25
15805
50001
11
2605
50001
13
35
50000
25210
1
50000
266
200
25826
50000
20777
50000
50000
50000
1025
50000
234
32166
50001
50000
18505
1
28854
16
12
45
50000
50000
7726
50000
1
362
50000
50000
27
41
2
50001
32
50000
50001
50000
4
39929
3
50000
25
50001
50000
50001
50000
57
50000
363
1
50000
50000
91
13
50000
6077
112
50000
50000
50000
8632
50000
132
24
11
97
50001
46
50000
15
50000
50000
23807
50001
50000
50000
2
2454
50000
50000
50001
2806
2636
50000
50001
50000
50001
50000
50001
50000
50000
50000
50001
10
50001
50000
4892
32
24
15
50000
820
3265
50000
50000
50000
50001
939
5
50001
9592
50000
50000
16
50000
50000
13314
50000
50000
44057
50000
13
5709
1
50000
31
50001
1474
50000
7
50000
50001
9
50000
11
2
519
3
50000
50000
4
232
1
9
50000
13
50001
50000
50000
50000
6
23638
50000
50001
33947
221
26841
50000
50001
50001
347
51
115
50000
50001
2783
27
1
1
50000
1
5
50001
50000
50000
50000
2
50000
436
5
50000
1
50000
5
1
50000
50001
678
328
13290
22
50000
863
50001
50000
6
50000
1758
50000
50000
50001
50001
50000
50000
33563
13806
3014
50000
30991
26407
50000
50000
50000
1
1565
14
33
778
40
2
50000
2
50001
63
54
1
3106
50000
50000
99
5
50000
50001
5049
40164
50000
48536
10
50000
1
1
50000
50000
50000
651
57
50000
3291
8
50000
50000
50001
50000
1
50001
50000
50000
5
2
50000
50000
50000
7719
2693
11668
1
50000
4
4
18
50000
1
50001
50001
998
169
50001
10663
2385
5
50001
50000
50000
50000
1154
7127
1
50000
50000
1
4
50001
50001
50000
50000
50000
50000
852
50000
10112
50000
50000
50000
50000
15
3347
50000
274
50000
26662
50000
50000
50000
2266
50000
759
50000
50000
1
50001
2818
1
9983
1
50000
50000
50000
50000
38
816
50000
50000
2
10736
50000
50000
27484
50001
50000
14
50000
50000
50001
50000
50000
50000
55
1887
579
13083
50000
50000
50000
50000
50000
1
50000
3
4
35
1
7
186
50001
50001
50001
50000
1
1
50000
230
4
2130
3480
44
21527
38222
8
4294
4093
50001
35
50000
50000
3441
50000
50000
21
50000
50000
5
50000
50000
7
6
50000
50001
22
50000
50001
849
50001
4271
50000
5770
2544
50000
25918
50000
50000
50000
579
50000
94
692
2
4
4
16908
1
34
50000
1802
50000
50000
50000
59
1
11171
3
50000
50001
42
50000
50000
8248
2369
50000
50000
50001
64
50000
133
50001
744
50001
2247
50000
3286
14308
4224
50000
50001
296
35
50000
50000
50000
50001
5708
50001
1
74
50001
23
6405
50000
50
50001
50000
50000
50000
32763
1031
320
50000
50000
50001
50001
5
50001
579
50000
55
397
50001
50001
286
50000
12
79
2612
50001
50001
200
41
2
50000
28
50000
581
919
123
50000
33
29
50001
50000
775
50000
22602
50000
50001
50000
715
50000
5
3321
50000
27
50001
1
50000
50000
1
50001
188
579
12
50000
50000
50000
8
50000
50000
50000
50000
50000
4
138
50000
50000
5739
91
50000
11208
50000
284
50000
155
47
50000
50000
50000
50000
116
50000
50000
50001
50000
50000
1296
50000
50001
50000
1660
50001
15
50001
1
1355
50001
50000
269
50000
50000
50000
50001
2
5952
29486
50000
9061
200
50001
50000
48
50000
16
10
32
2576
1
461
50001
50000
50000
1
50000
224
11
46
50000
50000
50000
50000
50001
50001
50000
50000
2
50000
26375
8
50000
50000
50000
50000
2340
112
50000
47828
50001
26854
2193
12749
7977
50000
45
50000
40442
2
50000
50000
26386
50000
50000
736
50001
50000
2086
50000
26450
50000
206
2
178
1
50000
43592
50001
50000
50000
2
3455
3262
50000
50000
50000
50001
50001
15
240
2
50000
50000
50000
4927
50001
50000
10
22489
218
50000
50000
50000
50000
6
270
50000
1
20553
50000
11859
4
50000
61
50000
1
6410
593
50000
50000
25929
50001
50001
50000
50000
25
2644
50001
26
50000
50000
8
19
135
6096
1
50000
50001
171
1338
50000
50000
20
2
3
6
50000
142
10
50001
50000
300
50000
19979
547
50000
70
50000
50000
50001
35
31
6989
250
2
50001
50000
50001
27047
1314
1889
50000
98
1
50000
50000
40917
50000
50000
1117
4167
2
50000
50001
50000
50000
50000
10
172
2142
343
50000
111
31
378
1
50000
50000
464
26612
40426
525
1
76
49
50000
50000
9589
497
50000
21
30
50000
808
50001
139
24
50000
50000
1
50001
7
50001
275
399
12
5
50000
50000
50000
884
50000
303
1445
5200
1
942
117
50000
50000
1562
50001
25
1
50000
5
50000
50000
50000
50001
1
50001
17903
50000
50000
202
23871
29
50000
2555
84
50000
34
50000
122
50001
50000
2504
50000
50000
522
50000
105
50000
50000
2192
8264
50000
50000
2
707
50000
3505
50000
19341
9160
2
50000
247
18
243
18
11
5
50000
50000
7571
50001
50001
11
50000
55
8335
50000
50000
50000
20
50000
50000
50000
1
50001
50000
50001
50000
50000
50001
50000
50000
50000
50000
50000
50000
405
18803
2
1
24
1
50000
50000
6358
52
5
50000
26
378
924
43491
50000
4
54
50001
50000
703
1037
3767
50001
1
7
18388
50000
118
50000
50001
50001
50000
50001
4
2163
50000
77
1
437
1874
50000
50000
68
20
50000
50000
50000
50000
50000
1
50000
1
50000
50000
1448
50000
50001
50000
50000
50000
516
57
50000
50000
50000
313
1
50000
95
36046
44
50000
190
50000
29
50000
81
101
50001
21
50000
25
50000
50000
1585
50000
50001
50000
27460
180
50000
50000
17
27
13314
1431
1514
39
50000
50000
50001
50000
278
1519
50001
50000
50001
1
30607
50000
1
453
9047
50000
8
50001
1
50000
26
2048
149
50000
84
718
1
50000
16816
2
50001
374
583
594
50000
8410
1
50000
1451
50000
50000
50000
1
50000
50000
27
3880
5
17045
50000
50000
495
50000
32
11337
50000
45
31
50000
216
3300
1
114
115
50000
50001
50001
5
1
729
50000
50000
7172
50001
50000
5
50001
209
50001
50001
50000
33
3
50000
4
50000
1
50000
50000
3
21
38629
50001
69
1
50001
50000
50001
5268
1
50000
1014
50000
50001
26
50001
109
50000
50000
3266
50000
7
50000
50001
63
20
50001
50000
265
50001
349
2458
1
50000
50000
621
1
50000
1
2336
4020
50000
1
50000
50000
50001
9619
50000
50000
50000
1
50001
17
50000
12508
50000
50000
4023
50000
431
50001
50001
50000
113
50001
50000
23730
50000
7
50000
37
50000
50001
1458
50001
15448
50000
1
21
12
17
50001
50000
50000
50000
50000
50001
252
50000
50000
50000
50000
50000
50000
11876
1
31555
20
50000
271
1
2
436
23048
6702
50000
50000
50000
3332
1797
300
50000
1
50001
4
50001
50000
50000
90
50000
12
50000
50000
197
50001
50001
50000
50000
50000
105
50001
1
5474
50001
3634
50000
19
1
11737
11
50000
46
1996
50000
50000
50000
50000
1
238
50001
50001
50001
4181
50001
50000
50000
50000
2431
2818
50000
50000
50000
50000
6
16
50000
50000
50000
5735
50001
13
50000
50001
12
7
8894
186
3171
50000
1
40
373
50000
50000
975
50000
1
50000
50000
3713
4398
50000
50000
1
50000
50000
50000
50000
4
1
43
87
50001
50000
50000
1271
2
50000
15
50000
15
50000
50000
50001
15
76
42360
50000
1
6
7679
50000
39
50001
3921
50000
80
50000
248
18
40
5994
5107
183
3
73
218
50000
50000
15237
50000
16659
6890
20
1
4268
50000
4
50000
50001
50001
1
4
50000
30966
50000
2734
50000
50000
4968
14203
13567
50000
3
8
1
50000
3439
8
2513
1378
1
50000
50000
50000
1011
50000
50000
29923
50000
50000
130
3990
16372
50000
155
50000
179
50000
50001
50000
13
50001
23561
50000
50001
2
50000
50000
50000
50000
125
3543
2
50001
50000
2
3
100
50000
1
1684
1
50000
63
50000
13
50000
7
15383
26
8691
19
1
10
50001
50000
50001
1
359
50000
7
48
11449
50000
50001
50001
4
28930
20
1
50000
50000
50000
58
50000
50000
5396
50001
159
50000
5
13
50001
50000
41
50000
655
18
8
50000
53
50000
50000
50001
4
50000
48
50000
50000
1
50000
16
50000
24241
50000
706
182
1656
50000
50000
50001
50000
1
197
582
50000
50000
50000
3
50001
13
2623
37
1
985
295
291
50000
1
37014
50000
50000
2
50000
288
50000
30
730
50000
31
50000
50000
554
9
50000
26591
50001
50000
50001
7385
50000
1361
50001
50001
50000
5
293
50000
29
50000
5695
62
50000
50001
16839
52
50000
3220
3624
17
50000
50000
50000
50000
39
50000
50001
439
50000
50001
7086
32989
32444
3632
50000
50000
50001
50000
50000
461
1329
50000
2
1
50000
2
2
50000
1
7
3
1222
50000
2708
1
1650
3
50000
2918
50000
4240
50000
1833
24
50000
5353
50000
50000
50000
18
50001
50000
50000
50000
1
50000
5404
50000
9023
50000
1
1
1
8
50000
50000
50000
50000
1
50000
50000
50000
50000
50001
2
50001
25507
2133
17
18587
50000
201
50000
50000
50000
298
50001
1
2001
50000
1161
50000
31041
50000
50000
50000
50000
35
50000
50001
3
50001
437
8
4
50000
50000
50000
328
50000
50000
50001
1
8108
4
4
50001
50000
92
3972
2
50000
50000
50000
50001
506
50000
46
3
50000
44947
217
50000
50000
3
50000
50001
62
50000
50000
32679
84
50000
2086
50000
50000
50000
50000
50000
50000
570
50001
9
50000
1282
50000
8
2
1
456
2
1160
15
50001
1
4
50000
1463
21139
50000
50000
40951
3
30
50000
1747
238
14421
1048
50000
854
50000
50000
6
50000
19
50000
15748
777
50000
1
951
163
961
10266
933
106
50000
50000
1381
1120
2142
5
23
10455
50000
50000
25296
7
50000
3
61
195
37
50000
50000
50000
50001
50001
35733
40
2
50000
14
34
50000
50000
50000
4
256
126
50000
66
50000
20
50001
9983
50001
50000
4340
50001
50000
50001
50000
508
1
9665
37648
219
19823
50000
50001
50000
50001
50001
50000
50000
50000
50000
50001
50001
2578
41266
50001
50000
50000
4
1082
21827
50000
11951
20
50000
5328
9
50000
50001
50000
31
50001
50001
7
50001
50000
1
50000
50000
50000
26
96
802
50000
1566
841
186
50000
50000
50000
50001
2
50001
1162
21
50001
50001
50000
50000
50000
50000
71
74
417
1
50000
50000
50000
50000
50000
50000
50000
3203
50000
458
3
50000
50000
1
50000
822
50000
77
50001
50000
1
50000
50001
50001
73
50001
50001
50000
50000
1
50001
50000
50000
22
50001
50000
50000
50001
6
50000
481
50000
13151
107
50000
2
1
50001
50001
50000
50000
44
50000
13930
50000
50000
50000
50000
50000
50001
2
50000
38
10
50000
50001
53
50000
1299
50000
260
461
50000
50000
3691
17
3
50000
50000
50001
9640
103
2615
50000
18986
17884
50001
50000
50000
44
50000
50001
50001
50001
2
18
1
800
2806
2
50000
50000
50001
50001
50000
50000
1430
50000
16
1
15098
50000
14350
50000
50000
2
50000
35
50000
50001
56
50000
212
1143
20
50000
50001
1
1
1
50000
50001
11902
50000
45078
119
50000
50000
154
50000
27
6
44178
4
45540
1928
50000
1
50000
7
3395
50000
36227
50001
50000
2694
50001
50000
50001
7
50001
7122
1395
50001
196
10461
23
1716
50001
50000
97
50000
50001
50000
8
50000
50000
30618
50001
50000
50000
2
50001
50001
50001
12
20468
50000
50000
2058
1
50000
37938
50000
20
1
12476
50000
50000
50000
50001
50000
27
1
50001
21888
50000
406
1466
37348
50000
12064
50000
50000
50000
50000
50000
2
8
50000
50000
3292
50000
1
50000
101
37948
2
1
50000
50001
50000
50001
7
1
50000
1
2157
50001
50000
33286
50000
1008
24
50000
106
50000
50001
50000
50000
989
2
50000
50001
50000
210
1
50001
4307
50000
1
50000
924
2064
1
51
50000
6
50000
50000
50000
50000
50001
311
165
6
382
4722
50001
523
44671
50000
1837
50000
50000
50001
50000
50000
50001
77
50000
208
9
690
8
50000
50000
163
50000
50000
50000
50000
50000
50000
50000
230
504
50000
161
184
50000
1670
13
11
41
50000
50001
155
50000
50000
24915
50000
50000
1
9
50000
50000
574
7445
50000
2
50000
57
50000
1
25
5471
7
1450
33215
50000
8
65
2
428
50000
8
345
4
3
162
53
434
50000
2687
1
50000
50000
50001
50001
50000
45
1
50000
7
50000
50001
50000
50000
26
50000
134
1325
451
50001
179
50001
50001
50000
50000
50000
3302
137
12
50000
11086
12
30075
50000
50000
50000
50000
50000
6
3961
50001
10541
5666
50001
50000
165
6
50000
7
50000
195
50001
13
50000
50000
6
50000
50000
1
50000
2
50000
1
1
1
50001
148
149
50001
13247
50000
50000
50000
5
50000
50000
50000
21
13261
50001
50000
1
50000
3
44342
50000
44615
50000
1
50000
13437
50000
50000
50000
50000
50000
1
28
1045
3674
3
17207
123
50000
50000
50001
25
129
50000
1116
6
50000
50000
10897
50001
50000
50000
50000
50000
1
50000
16
50000
7
50000
50001
1
50000
330
50000
2225
50000
290
766
1
50000
50000
21
179
50000
1
2329
50000
2944
50000
50000
50000
4
50000
50000
50000
5
50000
1
197
50000
85
50000
1
50000
50000
50000
434
50000
50000
34602
2
21292
1220
50000
12
50001
13076
1065
50000
37855
50001
50000
56
50000
142
1
50
50000
20
50001
50000
45
5000
50000
50000
172
15
50000
50000
2183
50000
1447
50000
50000
3453
50000
486
11002
93
50000
50000
50000
50000
50000
1
30
50001
804
6
43
50000
19
50000
50001
27703
5425
35858
50000
26
10210
27838
50000
50000
50000
21
701
21542
72
14
50000
12
50000
50000
50000
4284
186
50001
394
50000
50000
55
1
10
50000
21957
4596
3
97
24
2162
50001
50001
2
50000
50000
50000
50001
40
50000
1
4520
35
50000
6575
22
1
1
50000
50000
50000
3
50001
50000
50000
8722
9977
5481
1
50001
1
12743
50000
29
2
2
11
50000
7
50000
50000
35469
87
50000
50000
50000
50000
50001
512
50000
50000
1721
50000
50001
1
50001
50000
50000
1359
1
50000
2
50000
5
2
7232
1
50000
2
50000
16807
1
50000
2
426
2
50000
50001
50000
4
50000
50001
50000
12327
50000
50000
50000
50000
50000
50000
2
50000
50000
296
4
120
50000
2
7034
50001
1
50001
1306
50000
10
1951
50000
42
27
14
113
193
13347
29299
50000
50001
22
50000
50000
231
44755
1191
50000
50001
18
1
1
50000
50000
55
50000
1
2320
50000
50000
1
50000
16
50000
50000
50000
17703
50000
50000
2833
50001
1
21812
2
50001
2945
2
50000
50001
24663
5194
13749
47
50000
50000
2
50001
1
19399
445
1
50000
12
50000
50000
4144
1
50000
50000
6485
50001
2494
50000
50000
50000
50000
50000
24
50001
1
1
50000
50001
50000
189
50000
50000
50001
50000
50001
50000
5402
1
583
50000
28200
3
28126
294
34845
50000
50000
50000
59
50000
417
50000
50000
50001
50001
77
464
50000
335
50000
35033
70
8973
50001
50000
12678
3
50000
36239
6
9130
50001
152
50000
50000
50000
1358
50000
7
50000
4000
1
1
7763
50001
50001
1
50000
50001
4745
7
50000
50001
1
50000
5511
50000
50000
50000
2447
1
50001
50000
5384
50001
48732
50000
3068
2
50000
50000
2086
50000
620
50000
50000
50000
50001
50000
50000
519
19038
6444
50000
50000
50000
50000
50001
50000
50000
50000
50000
991
50000
50000
393
50001
50001
50001
50000
5
34
50000
13
5
50000
50000
1
63
30
20
50001
50000
50000
1838
50000
431
50000
4782
17303
583
3
50000
20576
50000
44908
50000
5946
192
3127
50000
19939
3
389
14
50000
33
50000
50001
86
13
50000
4279
19593
5336
12
2
50000
2
16
36138
50000
50000
50000
50000
4
252
50000
1
8
50000
1971
50001
8315
1
763
509
34047
141
50001
1
3333
50000
50000
40917
31
50000
11
10
286
50001
1280
58
50000
50000
1
50000
3
50000
34286
50000
1
28
50000
1260
50000
50000
33
13378
22
50001
2005
18
50000
50000
501
797
50001
50000
891
4749
3
1
145
1
111
5310
50001
50000
50000
2
50001
3
86
50000
50000
8187
19084
50000
19
32416
639
50000
10889
3947
24914
50001
1
50001
50000
163
8
12
50001
1
1
3
10405
50000
1582
50000
50000
196
26
6
50000
6
50001
50000
8616
100
1302
989
30497
2
50001
7
33
50000
290
50000
1915
50000
38718
50000
50001
50000
50000
50000
46309
3980
50001
3
50000
1483
7182
50000
19418
2
50000
6557
5
44
50000
52
50000
5
5376
1304
50000
50001
50000
50000
50001
6
50001
50001
50001
50000
50001
2378
3
199
50000
50000
33446
50000
50000
50000
50000
50000
50000
11343
50000
50001
18
146
50000
50001
69
2
274
50000
62
26355
84
50001
24
328
12814
1
2
50000
50000
1544
1088
50000
50000
95
50000
22
111
12
6
50001
273
50000
50001
5277
7
54
50000
1
50000
50000
238
50000
1
50000
1
50000
50000
11
4
47
99
25809
925
50000
57
50000
1
50000
1
50000
50000
1
2856
50000
159
8
50000
428
791
50000
50000
82
50000
50000
4
49793
26598
20811
8
6120
2484
1
50001
50001
31
50000
1468
1
50000
6
50000
50000
50000
50001
2545
89
50000
1
50000
4
5304
15087
1
79
50001
50001
50001
50000
20488
24
15245
50000
50001
50000
50001
50000
50001
50001
13190
50000
239
50001
1
50000
50001
15
37
128
1
3
50000
50001
35011
1
50000
50000
4
36
3
36
50000
50000
8382
50000
50000
50000
136
1
1
2
25
3210
835
50000
36
50001
50001
40
50000
478
50000
13
6
1
5095
50000
50000
50000
2451
50000
3098
10
24
19
14104
136
50001
50000
7
50001
50000
1
50000
77
50000
18
50000
6
1
39092
50000
50000
6
1938
36
50000
33
32
50001
2
13549
9805
1
9
50001
50000
5654
50000
2
4
50000
50000
50000
50000
37
50000
2
50000
3759
5384
8229
512
50000
50000
50000
88
1456
3586
284
2891
4
50000
50000
85
50000
291
1818
5
50000
7
133
3
50000
50000
50000
3692
50000
5450
50000
50000
30114
4236
50000
50000
50000
50001
50000
265
37958
4268
17802
24862
2920
50000
50000
50000
50000
4
2
50001
271
1
50000
140
21
7
50001
46377
50001
1
50000
50000
100
3017
1
50000
10
15
50000
50000
50000
5098
1
50000
1
50000
3611
3128
2
50000
50000
50001
50000
5
50001
21120
50000
157
50001
6
260
50000
578
7
50001
6
1409
50001
50000
50000
826
1
50001
4
2
50000
3
85
50001
516
7
4
21
50001
50000
1585
2
50000
50000
23
50000
28787
50001
4006
398
50000
50000
50000
50000
18849
2
155
5
50001
949
50000
50000
43
50000
25121
35204
132
50000
50000
50001
50000
50000
346
50001
50000
60
512
237
1073
3
50000
1383
50000
782
50001
85
4126
16
1
50001
50001
309
153
50000
14123
1037
1
2
50000
50000
1
318
6555
50000
1
50000
50000
50000
50000
50000
98
1049
50001
50000
50000
50001
50000
47129
12746
2
50000
1
50000
50000
50000
50001
120
50001
50000
50000
50000
50000
50000
5982
50000
26928
50000
50001
2
1184
50001
50000
778
50000
7
50000
36400
12747
1
5
50001
50001
2635
2243
50000
1
50000
1
1
5932
50000
2
50000
193
50001
197
1524
1
50000
1
2993
50000
14
50000
50000
50001
50001
50000
5
398
8
50000
50000
50000
50000
50000
50000
4
50000
4
2
2
50000
50000
16063
50000
102
2
50001
4
4
50000
50000
8
6
7
13
21
50000
50000
2
50000
50000
979
592
50000
16206
50001
9
50000
50001
1
338
25
7587
2417
1
1
200
50000
50001
1
50000
54
50001
50001
1
27413
50000
50001
6172
45490
50000
26982
50000
50000
50000
1
50000
50000
2
50001
102
65
33
50000
12932
50000
50000
50000
6
1
1053
14
50000
1
50000
7709
50001
50000
23076
50000
50000
19554
331
50000
50000
44190
50000
44
164
16
4
50000
1
4
50001
50000
50001
50000
2453
50001
50000
2
15
50000
50000
50000
3
6995
25
50001
3389
50000
50001
50001
3419
50000
50000
50000
50000
50000
2
1
50000
44377
50000
50000
2
50000
50000
52
6
2
1
371
50000
226
50000
50000
50000
50000
50000
127
155
170
5184
83
1
15
50000
26949
12
50001
14060
7626
50000
1951
50000
50000
50000
13390
50000
50000
50000
1
50000
50000
50001
163
13
30
50000
40446
50000
50001
1
50000
50000
50001
849
2
45605
50000
50000
50000
3171
555
81
6
1
1
1871
50001
50001
50000
50000
50000
1
1
1
50000
153
1
1
50000
50000
1
13
111
50000
6
76
2438
50000
50000
8875
50000
50000
50000
2570
38
50000
22474
50001
604
50001
50000
50000
4
50001
483
50001
14
1
50001
6
1
14221
4532
16933
50001
50000
50000
50001
50000
50001
11
50000
50000
16
2
58
50001
50000
26
40
66
1443
8199
352
2743
50001
357
50000
666
50001
50001
50000
50000
12
3
29
50001
50000
50000
4
50001
50000
50000
50000
50000
34772
50000
50000
220
31214
23369
18
50000
50000
9575
108
50000
25
50001
50000
1
50000
21370
1
50001
26
128
50001
50000
9
706
50000
50000
5444
50000
168
50000
50001
274
1
57
50000
50000
29
50001
27
50000
14871
50000
31411
50000
50000
50000
50001
22781
10
50000
9
2
50000
50000
50000
50001
2
50000
50000
2
50000
50001
295
63
208
50000
496
50000
50001
1
11
50000
50000
50000
50000
1017
1
1
612
50000
50000
50000
23
50000
6
211
50000
453
50000
50000
1
1
50001
751
6
5567
104
37
27
50000
50000
660
50001
50000
6
76
50001
2082
16667
595
367
50000
50000
50000
54
9
50001
50000
50000
201
2
6
50000
82
50001
50000
44
50001
50000
39
50000
50001
1
50000
2
50000
29
50001
50000
83
50000
99
43
50001
50000
22
34
819
50001
84
1
28310
50001
50000
50000
50000
50000
50000
50001
10
5439
50000
1
9
50001
1
50001
14
56
50000
35236
50001
1
50000
31020
50000
50000
10497
52
50000
229
6
1543
55
281
11829
50001
50001
50000
50000
50001
50000
50000
48219
9
1
278
7
2989
441
50000
76
2
50001
50000
5231
50000
15
5
50001
1850
50001
3
4
1061
50001
4
50000
77
108
2783
45
50000
2063
50000
50000
23
1
156
50000
243
7
7375
50001
1
50000
50000
1
50001
232
50000
50000
50000
50000
1
11
65
50000
6
50000
247
8
50000
12
50000
30
50000
2
1
49
50000
50001
50000
5
50000
104
50001
50001
40443
50000
50000
14825
50001
5884
1093
8
50000
50001
1
50000
50001
39478
3934
50001
50000
50000
50000
50001
1344
50000
2
183
50001
6
56
7
56
65
50000
50000
6
3125
50000
50000
50000
1
1
5
43857
254
50000
50001
50000
50000
50001
3
1
50000
50000
3
50000
50000
8483
961
16329
264
50001
4731
3441
11836
50000
1
50000
20199
309
50000
27405
50000
50000
13
4
50000
14
50000
50000
74
1
50000
50001
50001
24
36065
50000
2
14876
2
14392
199
50001
6592
2
50000
50001
14935
50001
999
50000
50000
50000
14220
50000
50000
50000
13319
50000
50000
14919
50000
50001
36578
24826
245
1
50000
50000
861
3
7
785
50000
144
50001
50000
1032
815
50000
449
141
50000
521
43426
50000
50001
50000
50001
50000
1
50000
9
50000
2
306
50000
50000
890
50000
50000
535
50000
65
50001
50000
50000
156
50000
50001
50000
50001
26590
50000
54
394
1
50001
50001
50000
50001
50000
50001
50000
14
50000
50000
10940
13432
564
50000
50000
1
5
50000
50000
297
2
50000
87
1
27
50001
177
50000
44
18
50000
88
8
50000
1353
50000
50000
748
1
1
50001
50000
162
8799
50000
99
2490
50000
50001
7934
71
613
50000
50001
41131
50001
50000
50000
38
476
1
50000
2207
30
50001
50000
53
50000
9
163
4
1
4
50000
50000
50000
2
1
50000
81
10
50000
18
18660
15
19522
26899
1081
50001
958
92
50000
1
50000
50000
50000
50000
50000
1
34280
1
2
50001
12869
9887
2
50000
50000
50001
36170
50000
50001
50000
50000
50000
50000
50000
10999
1902
42799
3585
3
2
50000
50000
50001
1
1
21361
50000
25424
351
50001
50000
121
1
2243
1
18
50000
50000
50000
50000
1410
50000
50000
2
154
50000
50000
50000
50000
50000
50001
8839
50000
2
50000
50000
50001
1052
3706
22
50000
109
2
50000
11
14
50000
3
50000
50001
3245
40245
50000
50000
50000
9215
1
1
50000
50000
5177
50001
50000
50001
50000
26
8338
1
50001
50000
987
50000
4
208
892
717
1181
15542
1
50000
6
50000
3070
31
75
50000
1
93
50001
14
71
50000
50000
13
50001
176
430
23
50000
50000
50000
50001
3026
50001
488
50000
50000
19580
50000
28631
50000
50000
69
4
1148
1
50000
12395
50000
5
50001
50000
12
50000
2
50000
50000
50000
50000
697
49424
50001
50000
1015
11029
50000
225
50000
1766
50000
146
50000
3842
87
50000
50001
88
9578
1
4862
50000
6
50000
18971
2
50000
1365
13
50000
59
50001
235
76
50000
50001
1
6
50000
50001
50000
50000
1
50000
50001
1
50000
15
4
1
50000
19461
50000
38564
23457
50000
10562
4
10
50000
76
50000
50000
14881
50000
103
50001
127
50000
168
11
10
413
50000
50001
11
153
21527
405
5838
50000
50000
50000
1536
17017
952
50000
50000
50000
50000
50000
1
13
2
50000
50000
130
50000
50000
53
1
50000
50000
50000
90
44842
72
50000
50000
50000
1
33
212
93
50000
1
50001
50000
50000
27
1856
15495
276
1
50000
69
20
50000
41
58
49578
50000
47
6921
1
50000
50000
50000
50001
50000
1747
517
1
2888
600
50001
1
7
2
2
53
21708
50000
7854
2
321
48725
1
44
50001
50000
6897
50000
50000
1
50000
50001
14
50001
1
50000
2343
50001
20460
50000
50000
50000
1
50000
50000
50000
50000
50001
50000
4048
4022
872
50000
50001
50000
50001
50000
33635
55
6
41
50000
6123
50000
5572
3145
3
1
6
50000
50001
50000
182
50000
1
308
16
50000
50000
50001
4680
41
50000
7966
50000
54
4483
31
50000
50000
50001
50000
7938
50000
50000
9793
49
50000
50000
6
12
8737
50000
50001
63
13
1268
1
50000
568
50000
50001
50000
50000
5359
1
50000
50000
50001
1
15
50000
2
50001
165
50000
1
50000
22396
66
50000
40168
50000
9225
50000
50000
50001
863
50000
50000
50000
922
13
50001
50000
28
50000
50001
28480
625
23
50000
50000
7437
19
50000
50000
50000
50001
50000
9
50000
37024
50000
18056
50000
542
50000
50001
37
50000
1
50000
1
9883
3743
2
50000
50000
1
50000
6
120
50000
50000
50000
50000
2
50000
50000
50000
2
519
50000
50000
50000
50001
50001
1
50000
50000
67
14203
50000
70
50000
50000
1
50000
1
50000
10
109
50000
176
1
50001
13537
84
2
1294
50000
50000
50000
50000
50000
50000
50000
5477
306
2
1230
50000
12
50000
50000
50000
50000
1753
67
690
17591
50000
50000
1
13
50000
19805
50000
3076
4
6931
50000
3142
5
12
50000
9
37541
43509
239
8737
4630
44
50000
50000
50000
50000
4
50001
50000
50001
50000
50000
50000
50000
50001
15429
24
50000
796
122
50000
50000
8009
19
50000
39
50000
98
50000
6187
50000
50000
50000
50000
50000
50000
50001
50000
50000
50000
64
1
50000
134
592
3432
50000
990
50000
6
50000
2
28
50001
79
241
85
101
50000
50000
234
50000
50000
10
12024
1
2
11677
50000
50000
50000
47071
7
50000
189
50000
50000
50000
98
1259
3456
50001
50000
4
378
9
5
50000
292
47404
50000
81
5
346
50000
49
50001
50001
50000
1
50001
50000
2
50000
13
61
4080
630
50000
50000
30593
50000
50000
1
50001
50000
50000
50001
17
70
50000
1
50000
11
50000
