14
50000
50000
19616
2
2
50000
49003
299
50000
8413
18081
50001
1316
50001
20232
50001
1006
10975
4703
268
2
19492
50000
19
198
59
5819
4
50001
50000
1
50000
50000
158
131
50000
12
50000
50000
50000
253
4
50000
32
50000
50000
50000
50000
3
4544
58
10011
50000
50000
2
50000
50000
50000
45
50001
50000
50001
50000
50000
305
6561
50000
20687
50000
50000
350
1
32
32313
50000
1
50000
88
39
1
50000
320
82
1
7
50000
50000
50000
50000
50001
14226
50000
135
162
804
50001
72
1329
1
831
50001
50000
50001
1
660
50000
21
50000
66
8
50000
362
50001
1
5
2063
11
8538
1
50000
50001
599
50000
4
1
23
1
50001
50000
50000
34
50000
50000
50000
4184
50000
50000
50000
5262
15
103
65
7
50001
50000
28
1
27296
147
10
10
5
760
50001
433
6145
31267
50001
50000
50000
1
50000
50000
1023
50000
50000
4569
697
8
5038
4
50000
1
50000
10
8471
41
15095
50000
50000
50000
7
1
50000
2
3
1
50001
50000
8
50000
50000
607
50000
50001
50000
50000
973
51
50001
50000
50000
50001
50000
2388
50000
16560
50000
780
50000
261
184
2061
50000
50000
1
50000
59
10247
50001
4
91
38907
50000
1
50000
50000
50000
50000
50001
50000
3
50001
5
50000
50000
50001
50001
1
47
4
5474
952
3
27120
50000
50000
50001
50000
50000
13
50000
50000
1258
50001
594
50000
71
50000
50000
50001
50001
41568
50001
387
50000
50000
28858
4
50000
50000
7731
50000
50000
50000
23099
50000
16674
1
50000
109
50000
50000
50000
50000
50000
70
130
50000
1
50000
50000
50001
50000
50001
121
50000
50000
15847
277
3
50000
50000
50000
38330
50000
134
50000
50000
50000
50000
50000
50001
50000
1
50001
50000
145
50001
4
4
50001
50001
417
33
3151
8
50000
272
50001
50000
50000
15
1
50000
50000
27217
50000
50000
50000
13375
1
13743
1189
24443
38236
50000
50000
50000
179
50001
50000
50000
50000
3
50000
50000
55
50001
39729
50001
123
20
113
50000
191
50000
28
50001
50001
9051
50000
50000
43
54
134
4781
50000
50000
359
3720
50000
2
95
50000
1041
35
254
806
50000
1
6436
3
18989
50000
105
43498
2774
50000
15700
7
16
57
11568
149
105
3485
5068
44
1348
16
208
687
50001
50000
50000
22478
50001
669
29987
50000
21
5114
2296
9832
2491
1
50000
50000
50000
50000
16
753
501
50000
18
50000
4
63
50000
50000
9
43847
1
24
50000
1
50000
83
50000
50001
5
3315
1547
50001
2
50000
52
50000
50000
50001
23922
88
50000
1
50001
50000
50000
50000
50000
20
1
31925
50001
549
1
712
8
50001
50000
32
50000
3192
1
505
50000
50000
50000
1
50000
50001
1277
422
50000
50000
50000
40
50000
9
1
50000
1
50001
50000
15
50000
3
5
63
50000
12
50001
50000
50000
9
50001
42551
16
21
50000
67
12
50000
41845
50000
50000
1
7
50000
50000
50001
1
318
10522
45
50000
50000
50001
50000
50000
24
205
50001
213
50001
1
12766
13358
50000
50000
50000
2
50000
50000
3874
50000
343
3
50000
4
469
50000
7833
50000
50000
50001
50000
50000
460
7712
50000
9
2609
13
12208
472
50000
50000
50001
2
50000
50000
22392
50001
11
50000
50000
50000
2
1
50000
50000
50000
1
1
50001
29586
50000
49369
50000
33791
10689
1
50000
1
22857
50000
235
50000
50000
9539
50000
50000
4
50000
227
50000
50000
10401
17924
50000
7951
50001
1170
50000
50000
50000
663
50000
50000
3
50001
7030
16
223
50000
50000
21
11312
14868
1
50000
50001
184
50000
50000
1038
3
31656
43391
50000
50000
50001
1
50000
9
50001
50000
50000
23791
37267
50000
50001
1
50000
50000
50000
50000
6776
50000
42955
3
50001
4676
50001
50000
22
34
7
50000
134
50000
4841
50001
50000
12
50001
50000
50000
50000
43541
7919
50000
2777
1
50000
569
5
14
61
4
4053
2891
423
13
50001
50000
50000
50000
3
50001
50000
50001
50000
50000
4
50000
50000
50000
50000
1
5
153
50000
35763
2839
373
50000
50001
50000
719
50000
50000
12
91
3
50001
50000
50001
50000
50001
24645
145
50001
50001
50000
50000
21983
50001
50000
388
10
64
50000
50000
50001
50000
1
8
50000
50000
50000
50001
1
50000
50000
419
50000
50000
50001
50001
1
50000
8165
88
2
1
50000
1
50001
31
50000
50000
50000
50000
50000
1176
50000
5496
5770
1
50000
50000
40782
1
422
50001
50000
32
24930
50001
4777
50000
50001
15
28
50000
113
50000
10663
50000
50001
4
5811
2
78
412
1
50000
50000
143
50000
50000
835
50001
26
50001
286
1
50000
234
50001
3
50001
50000
50001
9549
37
50000
641
22
50000
341
5
50001
50000
2
19
1928
50000
50000
50000
50000
43
50001
5887
50000
50000
50000
50000
1
50000
50000
50000
50001
50001
1
50000
50000
50000
294
3654
15688
50000
14
50000
50000
50001
159
236
1
50001
66
50000
5785
50000
50000
251
50000
1
50000
2
50000
46996
453
8
50001
50000
50001
50001
50000
50001
50000
843
1
50000
40
50000
30167
16098
50001
1108
23629
50000
14
16
8995
20799
21188
1
3616
50001
11
50000
15
50000
50000
50001
50001
69
759
20384
26
1
42234
7
49444
50000
787
50000
3227
49
50000
50000
14
50001
1034
13
50001
50000
50001
50000
197
50000
50000
8457
50000
50000
7440
50001
6389
50000
50000
31
1
9
228
50001
1
16
50000
50000
50001
193
18
3
380
50000
11152
1
50000
626
50000
6
50000
106
50000
2
50000
50000
50001
6327
50000
50000
50000
50000
1
50000
1
50000
50000
50000
50000
50000
19
1
50000
50000
21
50001
50000
13303
20721
1724
1
50000
50000
50001
50000
4
26
50000
28500
27
50000
39
1
50000
2861
50000
1
50000
50001
43
84
50001
4290
50000
50000
50000
1049
1
1145
1
50000
50001
50001
50001
17506
50000
20247
50000
408
643
50001
50000
50000
50000
50000
50001
50001
4
3228
50000
1
11314
50000
50001
3
7
50000
50001
50001
32448
3245
1
1
15
49
65
47
6033
50000
50001
50000
80
50000
11
50000
50000
1
1
1
99
50000
50
15
50001
50000
50000
50000
1
28037
45561
50000
16
1
311
1
50000
50000
50000
46
50000
50000
50000
50000
50001
50000
50001
136
50000
50000
50000
50001
50000
50001
9
50000
50001
50000
50000
50000
6
50001
50000
2
50000
815
50000
1
11025
786
50001
1
50000
50001
18780
50000
50000
78
50000
50000
50001
739
50001
15194
50000
50000
1
50001
50001
1
127
5517
28
50000
50001
927
6
3625
50000
50001
2853
50000
50000
1
50000
50000
50000
55
50001
364
50000
337
506
50000
2
1
50001
50000
14
50001
1
1
1994
50000
50001
44
50000
50000
38869
3
50000
4148
50000
50000
15
50001
138
50001
50000
50001
12
133
50000
24
2
7
790
9222
2
50000
27751
50000
16
50000
50001
920
50000
50000
50000
50000
836
50000
50001
50000
177
50001
50000
8
50000
3
1
50000
1805
39798
362
50000
50000
50000
50000
213
50000
423
26
1
50000
50000
50000
50000
176
50000
50000
50000
50000
239
50000
50001
50000
8726
117
50000
4
50000
50001
50001
6
22258
50000
50000
6630
50000
30
50000
50000
50001
50001
100
4
51
1326
50001
1
1
1
50001
50001
50000
6514
50000
50000
1
1
50001
50000
50000
50000
11
3
220
1
3
85
242
100
57
1
50000
3
50000
50000
1
164
1
9
5
218
50001
4
8631
2
50001
50000
454
50000
50000
50000
1
50000
50000
50000
50000
29456
2
50000
17
50001
50000
50000
50000
1
3
50000
50000
149
50000
50000
603
50000
35514
24
50001
50000
50000
263
50000
50000
1311
5
50000
323
50001
50000
50001
50000
1331
50000
50000
2
8
139
25
2
50001
50001
364
50000
50000
286
16320
71
50001
50001
50000
50000
50001
5779
50000
50000
7
50000
50000
50000
50000
1293
50000
50000
157
18221
50000
50001
4375
50000
50000
50001
4
50000
50001
50001
321
1
50000
50000
50000
24
55
50001
787
50000
50001
2
8857
50000
50000
22
3
50000
50000
50000
50000
29
50001
14
50000
50000
50000
16589
50000
50001
50001
50001
50000
15
2343
44435
50000
50000
50000
50000
705
50000
6
50000
1
50000
124
7
50000
50000
50000
19
50000
50000
7
50000
50000
84
50001
50000
50001
50000
476
50000
50000
35513
50000
19349
50000
50000
82
213
103
124
19377
50000
50000
2
4
50000
2
50000
50000
33
50000
50001
50000
50000
50000
50001
50000
50000
27
588
50000
3984
118
50001
18
50000
1
50000
50000
50000
50001
12775
50001
50001
1
43800
34
1
970
50001
1
15
50000
8263
14549
19
50000
50000
3593
50000
10
3244
50000
50000
50001
50000
50000
50000
50000
10871
50000
50001
50000
181
50000
1
50000
50001
50000
2308
4276
1630
13
50000
50000
50000
50000
1
50001
50000
50000
50000
50000
50000
50001
50001
2
1
50000
50000
9
50001
687
50000
50001
58
50000
1317
5
3
50000
50000
99
17367
27017
50000
50000
50000
50001
9808
1
50000
34126
1550
2028
50000
4
13
50000
50000
50000
50001
16
50000
50001
50001
7035
6338
50000
1
50000
2268
3716
50001
50000
17220
50000
2
1
50001
50000
13950
23
50000
2497
48
179
2
1
44810
598
50000
50000
50000
1
116
50000
185
50001
2
50000
50001
58
50000
1227
121
50001
50000
32
9
50000
437
77
356
14079
48488
6434
6433
50000
50001
1008
50000
50000
50000
50000
440
50000
1
1342
50000
50000
37321
89
48590
1337
50001
50000
15
11
2403
50000
16
50001
50000
50000
12
50000
824
50000
50000
50000
50000
50000
50001
11
266
142
3072
50000
50000
17621
2
50000
556
17918
19
50000
50000
6
50000
50000
1
95
1
50000
50001
50000
50001
1
50000
1
2645
50000
50001
33180
50001
2
227
50000
2
34
50000
15
1
382
50000
2827
50000
50000
50001
311
50000
50000
50000
1
487
8
4
97
50000
76
50000
454
50000
50000
3591
308
50001
2
50000
50000
50000
50000
20932
50000
42
12255
50000
317
205
50000
2
25143
620
50000
1
6
1
50000
50000
5360
50000
1
4
10780
195
1
124
1196
50000
50000
637
50000
50000
1
50000
33
50000
50000
50000
50000
24349
50001
12597
5
4
18
10007
23574
50000
50000
50000
17240
2362
3051
50000
82
50000
50000
3007
21858
50001
147
50000
5
50000
50000
50000
50001
17
50000
1950
50001
50000
50001
17
26
1
50001
50000
50000
50000
50001
75
50000
50001
50000
1
255
1
50000
50000
136
2661
140
327
50000
75
19
50000
50000
50001
50000
50000
18
6
50000
50000
50000
1
295
1
18
40
5
50001
50000
810
50000
50000
50000
50001
50000
50000
3873
41607
15697
50001
50001
21
10416
50000
50000
14
50001
1
50000
50001
50001
50000
14
50001
50001
50000
1
2
50000
277
50000
50000
50000
50000
91
4422
2
50000
50000
50000
50000
50001
1036
50000
50000
1
31
1
50001
4964
50000
2118
1
849
50001
10
1940
50000
50000
50000
2923
50000
901
50001
50000
151
50000
50001
1895
3
50000
17
7325
122
5
50000
54
50000
50001
7
50000
129
50000
1
12506
50000
10
50000
50000
4514
150
48116
50000
10971
50000
1
50000
50000
8
50000
50000
50000
39585
50000
13168
566
24
17234
50001
95
50000
50000
50000
4606
14361
27
522
50000
2
50000
18
1
79
1451
965
217
13
46
1
3177
50001
11
50000
50000
50001
50000
888
50000
50000
7
50000
50000
50000
29409
5
22
1
48
20035
1
50000
50001
50001
50000
50000
50000
50000
2
50000
4
50000
5771
50001
50000
14
50001
12
50000
50000
50000
236
50001
50000
50001
50001
2389
2
50000
50000
1
50000
50000
14280
3
85
50000
50000
1
50000
50001
1
5
50000
38
2622
50000
50000
5934
5
49069
50000
50001
50000
50000
50000
50001
50001
50000
1031
48768
50000
1
5057
50001
50001
427
50000
160
5
50000
5
50000
1
8665
50001
50001
41
236
5
457
2
50000
50000
172
2294
238
50000
9
1
50000
50000
50000
50000
1049
2478
50000
9447
568
3
8
50000
50001
50000
50000
50000
50000
50000
50000
2
4859
742
50000
50000
50000
50000
50001
50000
50000
50000
50000
50000
50000
2
50000
50000
836
2
31
3
50000
128
8
50000
50001
20
5884
97
1
30212
50000
50000
50000
1
970
108
50000
50001
50001
134
8558
1125
50001
50001
50000
50000
50001
50000
50001
50000
5
37
856
208
50000
4725
50001
6
50001
50000
709
359
50000
192
50000
50000
50001
98
50001
2357
50001
50000
50000
50000
7
50000
50001
87
50000
50000
3
50000
8401
2
50000
14
615
50000
50000
3047
50000
50000
50001
1
50001
50000
50000
2
50000
17838
1
321
1157
50001
50000
3348
50000
50000
2204
50000
50001
1273
11049
50000
1
7762
4
50000
50000
230
50000
50000
50000
4
50001
50000
50001
3
705
50000
745
50001
1
43
50000
50000
13648
50000
50000
50000
2
63
50000
20515
50001
50000
50001
1
825
50000
290
344
24673
36
6
18
44685
50000
50000
50000
1
50000
50000
50000
10
50000
50000
7
86
6
50000
50000
50000
18
50000
50001
16
50000
50000
50000
1
21
50001
50001
50000
50001
1
2
14650
11
50000
50001
73
2
50000
50001
130
13851
871
50000
50000
50001
50000
50000
50001
397
1095
30
110
50001
50000
50001
2
149
34
50000
50000
753
50000
10
50000
1922
50000
50000
50000
50000
2
50000
50001
50000
50000
50001
50000
3180
1524
12593
50000
50001
50001
124
50000
50000
50000
2434
50000
50001
8
1
50000
50000
7
63
1551
50001
440
50000
73
1552
15
1
50000
50000
3454
50000
13
358
11346
1
50000
50000
50000
50000
50000
38884
23708
1812
50001
50000
1
50001
50001
3236
50000
50000
40494
12
50000
50001
50000
50000
50000
50000
50001
12541
50001
3529
50000
50000
8408
280
50000
50000
50000
50000
50000
50000
1
6
50000
50000
50001
50000
50000
50000
34261
50000
1845
50000
25134
8
50001
50000
19635
50000
50000
466
49186
50001
50000
48274
8
50000
2
50000
50001
50000
50000
455
2210
1335
1
1463
50000
2
50001
1
50001
50001
2
50000
1
50000
50000
50001
50000
50000
50000
1964
17
2409
6263
924
50000
611
50001
50000
50001
50000
16
50001
10
4
50000
50000
1
1
1377
1
50000
30
2008
50000
6880
5781
50000
69
2
50000
50000
1
50001
50000
50001
50000
1572
254
50000
50000
391
112
2
50000
50000
160
1
50000
3
2
50000
50000
50000
50000
50001
50001
50000
32969
50000
599
50000
50000
50000
4
50000
50000
50001
71
1323
50001
50000
1
10825
50000
5
9012
8
50000
50000
1939
50000
50000
5
8
50000
18
20
50000
50000
50000
50000
2
50000
50000
50000
35372
4261
50001
1
50001
1
50000
50000
50000
50000
32
50000
280
29
50000
498
50001
50000
50000
50000
3
50000
1
50000
1
36
50001
50000
50000
4273
39
50000
50000
50000
50000
50001
15
1209
50000
50000
50000
50000
69
50000
161
50000
50000
50001
5
50000
327
50000
48
50000
50001
21130
1
1
1
50000
50000
50001
34
50000
50000
2
386
99
50000
50000
50000
25
50000
50000
3658
2
50000
50000
86
89
50000
50000
50001
14
50000
7
50001
72
50000
34
1
50000
50001
37633
98
50000
55
50000
50000
50000
50000
50001
11
722
50000
1
17246
5318
8
6
2
470
50000
3441
7
50000
50001
50000
50000
50000
50000
50000
50000
50000
50000
50000
50000
50001
50000
1
17042
1296
53
50000
50000
50000
50000
347
12
1051
50001
1436
15681
50000
50000
152
22758
16193
44
50000
3790
359
50000
50000
50000
7
3
4
44
11
50000
50000
32
368
1
4
15077
200
4
18
50000
2
50000
50001
50000
1
1
8
50000
50001
8
32889
50000
50000
1
50000
50000
2
1
50001
18218
1
50000
45
50000
50000
50000
1115
105
42
1
33308
6368
50001
50001
50000
50000
50001
50000
12935
50000
50000
50000
50000
13
1347
27216
49
1
50000
1
50001
50001
138
50000
50000
50000
50000
686
50000
50000
50000
3489
879
50000
5237
50000
1
25620
7144
50000
8046
50001
1
50000
50000
12
83
2415
55
6
49
11
43696
50000
50001
23622
50001
50000
1
7
45
50000
50001
50001
50000
3
4
50000
3
50000
21070
3
1
17059
50000
50000
612
23115
50000
50000
21901
50000
50000
17
50000
50000
50000
22
50000
1
13
5
50001
50000
50000
50000
14
50001
50001
13
1
50000
21557
19367
50000
50000
10980
50000
182
188
50000
50000
347
4
1496
103
50000
50000
1
192
1
50000
50000
43
2597
318
50000
5
50000
50000
50001
282
485
43983
50001
50000
1
34
178
50001
1
4
72
50000
5
50000
11
50001
7353
2491
13
2
1915
2
1600
1
50000
19
1700
50000
4
50000
215
15525
50000
50000
50000
50001
50000
50000
16330
50001
50000
50000
3
50000
50000
50000
1207
50001
13
50000
50000
50000
37798
50001
35032
50000
1
50000
39
187
50001
50000
34
4
1
50000
50000
10014
376
19
50000
50000
50000
50000
558
50000
60
50000
50000
50001
46850
50000
50000
50000
12
50001
14135
1
50000
50000
50000
50000
50000
397
2
39
408
50001
10
56
50000
50001
4
2
50000
1
9
50000
50000
50000
1
4
13401
1688
50001
50001
20
10013
50000
16
7
1630
50000
50000
1866
26
50000
2
50000
1
50001
3343
50000
50001
3
12973
1652
585
4914
50000
5183
50000
30
50000
50001
50000
77
80
50000
72
50001
50001
50000
2
850
50000
12
50000
146
37503
18
50001
14006
50000
50001
1554
50000
50000
32
3375
71
50000
24108
4958
50000
5
50001
8
50000
10
402
3115
50000
50000
50000
7
50000
36
50000
632
50000
33
50000
4004
2
1
50001
8
50000
15
50000
50000
221
252
210
8642
50000
965
444
50000
50000
1
50000
50000
50001
459
50000
50000
82
50001
50000
1
50000
2458
79
50000
4861
50001
867
50001
50000
50000
50000
5298
61
80
13627
424
50000
50000
50000
50000
35
1
81
66
50001
50000
20
78
50000
2698
50001
50000
50001
2395
50000
59
126
40811
50000
2
50000
4
50000
18
50000
89
50000
670
44
144
50000
50000
58
50000
50001
2
1
1
1
1
50000
50000
50000
50001
99
1071
64
50001
50001
50001
50000
5
997
13199
42562
50000
750
50001
50000
50000
50000
50000
8
50000
50000
50000
50001
50000
9
50000
7584
11137
45
1
3
5805
50000
181
11084
1
1
1237
151
50000
50001
50001
50001
1
26
50000
17
3955
50000
2
2034
5
1
50000
50000
50000
50001
69
50000
86
50000
2306
1
132
82
12
14029
50001
50000
50001
24
50001
601
2
50000
40701
50000
4
6
487
1
319
50000
50000
1266
50001
19
56
15481
121
50000
967
1
50000
104
461
389
18
3728
5872
50000
50000
4
3
1917
50000
50000
110
50000
50000
50000
1007
50001
360
50000
199
50000
50001
50001
1
14899
50000
1
298
50000
50000
520
50001
50000
50000
50000
50000
50001
50000
21
2431
50000
2265
5461
1
50001
10
1
50001
6
50001
50001
1
50001
50000
801
50000
11
50000
50001
50000
2390
3
571
27
50000
88
50001
50000
41964
14499
50000
32
50000
2
107
81
50000
991
50000
50000
1
15543
2457
50000
50000
21
50000
1
50000
50000
2
50000
5
1
50000
50000
20
1779
50001
50000
4088
208
50000
928
50000
50000
50000
50001
1
50000
50000
50000
50000
50000
50000
6
50000
50001
50000
5
50001
50000
112
50001
50001
39
50000
50000
307
15
50000
50000
1
11
340
50000
50001
636
37
50000
3
46775
393
50001
50000
50000
29455
29
50000
50000
50000
67
2
5
50000
50000
6139
685
47
50000
1807
1116
2500
10936
3
4
57
3
50000
238
112
1
317
50001
50001
50000
865
1
103
10
50000
50000
8986
50000
29608
6
50000
4
50000
1505
50001
116
50001
32
50000
3624
50000
50000
270
50001
50000
157
50000
50000
50000
50000
1197
22304
17
41
50000
50000
1
2
50000
6
50000
50000
50000
50000
14540
22119
6
120
5204
3523
1
50000
50000
9
50000
50001
50000
50000
50000
10090
32920
50000
832
119
1
70
50000
11
1964
50001
50000
50000
50000
50000
50000
8615
15
58
1062
30881
24
6
50000
1
20343
50000
50000
1
35
351
50001
28
23632
50000
50000
50000
4
6
6
50000
50000
50000
50000
2568
571
50000
4521
50000
50000
50001
11095
50000
9492
70
50000
43047
2
50000
50000
7
130
50000
1
45
38
50000
4402
19
6176
4
50000
50001
50000
50000
150
50000
50000
50000
2
50000
17866
50000
1550
50000
14
50000
1591
50000
50000
1
3
50001
50000
50000
50000
1
723
21979
19
50000
50000
50001
12
27150
2
1
1
4
2726
50000
50000
50001
4
50000
113
1352
1102
1
20
50001
2
50000
50000
50000
50000
50000
22907
39
50000
22
50000
11
50000
50000
1896
6
9347
3825
2931
84
50001
50000
50000
1960
131
50001
7
50000
1
1551
50000
1
50001
28
8960
1247
5
50000
50000
50000
50000
57
50000
2
50000
4
17836
50001
398
50001
44
15
50000
774
14
50000
50000
50000
50001
50000
1
50001
7
333
50000
50000
1
50000
50000
50000
2673
50001
4493
2
50000
269
33341
50000
1490
1
50000
50001
1801
17499
3931
50001
1
50000
50000
58
50001
50000
50000
1
50000
5
50000
11
50000
182
4
1
50001
50000
50000
1
3387
133
50000
426
183
328
50001
82
50000
27
50001
4
50001
50000
186
297
50001
534
1
50000
50001
126
76
1
1
594
34
50001
1709
1
6831
50000
50000
50000
48
289
50000
50001
50000
50000
50000
9
40699
1101
8
1
50000
50000
4187
9
50000
50001
20083
252
2009
3652
24
9
50000
1
50001
50000
50000
50001
50000
50000
1
50000
50000
51
50000
50001
584
50001
50000
50000
7
50000
50000
50000
50000
50000
189
50000
50000
1
130
1
50000
4
48
50000
50000
1
50000
50001
50000
244
527
3963
23
50000
324
271
50000
50000
2
50000
267
50000
50000
50001
50001
50000
50000
14
2674
50000
50000
184
4
50000
1154
7
1856
50001
50000
50000
33398
50000
50000
50000
2
50000
27
50000
50000
15395
50000
50001
879
3
50000
50000
50000
1
50000
1407
16
50000
50000
50000
50000
50000
123
169
50000
50000
101
50000
50000
853
50001
50001
50000
1
50000
50000
50001
35943
50000
50000
4
50000
1
1
50000
50000
50001
5
63
50000
50001
50000
50000
1
7
50001
50000
50001
50000
50001
50000
50001
104
1
1
2
53
70
50000
50000
50000
50000
86
50001
50000
50001
2
50000
50000
6431
2
12
50000
50000
19
50001
88
105
50000
50000
50000
1
49048
50000
5
1007
50000
19
2687
50001
50001
50001
34
50001
50000
420
50001
50000
50001
50000
1
1
50000
299
37
50000
47753
5152
3291
50000
22038
50001
50000
1552
12
1
50000
50000
50000
32
7881
50000
6443
50000
50000
50000
50001
13891
1
89
111
9
50000
50000
1651
193
2
50000
50000
50001
3819
50000
50000
50001
4018
216
448
50001
10
1
11
1
18
10
1248
328
6
2
50000
50000
39
50000
50000
379
50000
4
3959
3
1
18
224
2
50000
190
18
50000
1
173
50000
23
50000
25
50000
50000
50001
1
50001
3385
50000
1486
50000
14
1085
50000
50001
734
798
50001
5
50000
20
50000
50000
50001
50000
50001
50000
50000
50001
50000
2
2
136
50000
2
5
50001
50000
50000
367
50001
50000
50000
2
19
50000
3
50000
50000
1152
19245
50000
9
24470
50000
1749
50000
50000
29
50001
47530
50001
2
50000
50000
156
50000
50000
50000
50000
41
50000
50001
6
68
11
1
50000
167
4
50000
670
54
1
50000
8
1458
2
4228
51
2502
689
5
50000
50000
50000
50000
2424
2103
50000
50000
50000
3
31665
50001
50
50000
2282
52
50001
988
50000
1
2
186
50000
50000
251
50001
50000
1
674
50000
50000
13432
50001
24564
50001
50000
50001
50000
50000
200
50001
29
3657
50000
50000
50000
50000
50001
3
50001
7506
55
50001
10
50000
47
50001
7
50000
3095
50000
877
50000
555
19
4
50000
50000
4
50000
8455
1
50000
50000
9
627
199
793
50000
12
50000
1
19
50000
50000
34484
26
1
3
452
50000
232
105
50000
50000
50000
50000
50001
50000
50000
23739
50000
50000
50000
50000
50000
109
50000
50000
50000
9
50000
708
788
50000
337
42
50000
45
50000
1
50000
13
1407
50001
1500
50001
9
29
166
14
50000
349
50000
1751
50001
50000
50000
1316
50000
50000
50000
14104
50000
50000
50000
30
50001
50000
191
50000
23
50000
3670
50000
50000
50001
50000
802
50000
50001
50000
50000
301
50000
50001
1
310
16664
50001
735
50001
337
73
170
6
1
1883
50001
1724
13
50001
907
271
50000
50001
50001
2
50000
50000
28
263
50000
50000
536
50001
50001
30477
80
50000
45
3837
50000
50000
36
50000
27756
1
15
50000
9255
732
50000
50001
50000
7
1
50000
50000
50001
50001
1
50000
18158
8
50000
39
50000
401
28
50000
50000
50000
50000
50000
50000
1
50000
50000
50000
4
49
40
50000
69
50000
6
50000
274
50001
50000
50001
50000
5
27
8437
779
50000
1
1
50000
461
50000
50000
3374
3
50000
50000
1828
50000
50000
50000
50001
50000
38184
50000
50000
50000
8
16
1
6410
50000
1688
50000
6
19146
32
50000
50000
50001
3
50000
1
50000
1
1370
50000
50000
50000
50000
50000
50000
50001
243
2
50000
50000
50000
1430
50000
50000
1568
2041
50000
50000
50000
2094
50000
50000
14159
50000
1019
50001
12681
50001
4303
1
113
273
50000
50001
2
8970
593
50001
50000
64
50001
50000
50001
50000
50001
43
470
36689
50000
50000
116
50000
50001
10152
50000
50000
50000
8
538
19933
66
50000
17620
50000
50001
50001
11
50000
50001
50000
50000
8322
27119
50000
5234
2
81
50000
50000
7
26671
1
50000
50000
18
8432
50000
822
1
1
50000
50000
282
6448
50000
2272
4
50000
50001
50000
50000
5
50000
514
50000
10
50000
50000
9464
50000
10
468
11
44
50000
31
1026
50001
50000
50000
50000
47884
510
50001
50000
50001
11
8620
2
50001
50001
50000
1
9
50000
50000
6377
2
50000
50000
50001
50001
102
5593
50000
50000
18935
34194
50000
50000
50000
50000
301
50000
50000
50000
319
1
5068
50000
50001
2
213
2
50000
50001
43220
50001
50000
50001
50001
50000
50000
50001
2543
1
50000
50001
1
50000
50000
1
50000
32
50001
50000
50000
5
50000
18
50000
50000
50000
50000
32089
50000
11771
50000
50000
187
50000
6360
5
13
50000
925
28
50001
50000
50000
50000
50000
50000
50000
4
50000
19
8
184
1074
1
50000
50000
70
50000
50000
50000
50001
61
8
8
50000
50000
36036
50000
50000
50001
50000
1
4188
50001
25
50000
50001
10
410
50000
140
1077
49323
50000
50000
50001
43
1
50000
50000
50000
50000
5
57
50000
1
50001
11
50000
50000
1706
50000
1
50000
50000
50001
1
3
6989
29080
50000
38034
8991
172
50001
50000
50001
3
1
2
50000
50000
50000
50000
50000
3
20690
50000
29
50000
2957
50000
50000
753
3
50001
50000
1
135
50000
1
147
3216
5
50000
16152
50000
1050
50001
50001
50000
50000
1701
1
2
50000
50000
50001
2
50000
50000
50001
5
50001
50000
211
1
50000
50000
50000
1
50000
50000
50001
50000
50000
50000
25
50000
50000
1
1
1
32715
144
50001
33
50000
50000
4080
50001
50000
50000
50000
50
50000
236
50001
50000
9
50000
50000
50000
7
50000
50001
379
50000
50000
50000
796
18
50001
2
50000
57
71
50000
50000
1881
50001
1
51
8
50000
50000
50000
106
50000
50000
24
50000
50000
50000
1
1
1
50000
2
188
13
50000
50000
15
475
50000
50000
1
50001
6288
50000
3741
50000
50001
50001
50000
464
50000
60
1
24
38
5
11
7
3505
50000
50001
27
1
50001
50000
50001
50000
2
50001
50000
1688
50000
50000
50000
50001
50000
50001
50000
2
50000
50000
50000
50000
50001
50000
50000
321
50000
4
87
167
50000
14
1
25
50001
1160
7910
50000
50000
2436
50000
18957
50000
50000
50000
1
5
50000
50001
684
50000
50000
50000
50001
50000
5154
9
50000
50000
380
50000
50000
50000
1
50001
50000
50000
50001
50000
395
50000
23
50000
50000
50000
870
50000
50000
50000
50000
4
50000
5
1
50000
50001
50001
50000
308
50000
3
50000
50000
9
50001
4
1311
50001
50001
50000
50000
50001
50000
50000
50000
50000
50000
50000
50000
2
183
7041
29
50000
2
50000
50000
29165
89
50001
50000
215
50000
1
50001
1122
50000
50000
19029
36570
50000
1611
1484
50000
50000
2
1100
50000
5416
50000
50001
50000
387
168
1
50001
50000
1
17
50000
50000
7
854
3
50000
943
50000
50000
50000
50000
50001
50000
50000
708
40474
68
202
13
50000
50001
1
5
50000
50000
50000
50000
50000
438
50000
50000
50001
50001
1741
3099
55
36
50000
50000
50001
1
564
2
50000
50001
4557
74
3
14
1846
50000
1
50000
1
5
50000
15
780
2721
796
7
50000
50000
50000
4144
50001
30
1
50001
16
12
50000
50001
50000
50000
15161
30
50000
2
357
3290
50000
25501
1027
50000
2068
50001
19
50000
50000
50000
21
50001
47
50000
2989
50001
4
65
50000
50000
1
48
50000
19
50000
50000
1
50000
7058
50000
50000
30800
2684
50001
15
4
50001
50000
72
27796
1
2
50000
50000
50000
50001
50001
50000
50000
50000
50000
50000
12
396
50001
50000
50000
910
20603
5
1788
50001
50000
18
50000
14
50000
4
50000
1240
50000
151
50001
50001
2318
50000
50000
7
50000
174
50000
50000
13646
5
758
8
50000
2
1
50000
50000
250
50000
50000
124
557
50000
50000
5
51
50000
50000
18
50000
50001
50000
50000
18
34
17
50000
23
1
1
239
31
50000
485
50000
50000
50000
50001
99
50000
23397
50000
50001
1
1
50000
65
50000
1862
10
50000
50000
50000
265
13360
227
3558
50000
1
21245
119
50000
12906
50000
50000
318
50000
5347
30066
6
50000
50001
50000
1
20245
302
2
1036
43
50000
34
50000
50000
9708
50000
11
50001
5
439
50000
50000
5881
72
50000
47
1
2
1
649
15
25547
50000
275
50000
1
50000
50000
4470
45395
50000
50000
50001
50001
5202
220
50001
50000
194
50001
6
50000
50000
50000
50000
2
1221
15567
173
212
50000
1
18481
14123
50001
602
50000
50000
115
50000
2142
1
50000
50000
50001
50000
50000
19519
2
50001
3
50000
50001
50000
50000
50000
50000
50000
5050
50001
50000
50000
3
6
50000
1
50000
50000
13
50001
13
1
50000
50000
37
4
50000
50000
37
50000
2
50001
50000
50000
794
50000
50000
22077
31
50000
4245
50001
50000
1568
50000
50000
50001
32
154
354
50000
2396
50001
50000
44
50000
57
50001
302
50000
50000
50000
1
4
50000
3057
1
50000
2
50001
10546
50000
50000
246
50000
50000
20
50001
186
50000
50000
50000
145
141
50000
14707
50001
50000
50000
817
166
50000
50001
50000
50001
1
50001
50000
1
50000
50001
50000
50000
50000
50000
50000
192
50000
27
50000
15
19
4107
9105
50000
453
910
1
48988
50000
64
554
50000
50000
50000
3
50001
50000
15
4
50001
50000
84
50000
50000
50000
50000
54
50000
50001
1187
864
1324
50000
50000
157
26
2
50000
50000
50000
50000
50000
7
3260
50000
9
530
50000
30
50001
5280
2578
4
50001
1
50000
10
28
2851
43105
50000
368
106
50000
514
50000
385
149
27068
16959
12
50000
49
30
1
2
3
63
50000
2379
10
895
50000
50000
50001
50000
50000
37
50001
50001
12
50000
1
50000
50001
45
17794
275
2
50000
50000
50000
50000
50000
50000
599
50000
2
111
50001
1398
50000
50000
50000
50001
50000
3
50000
50000
50000
343
1
2
50001
50000
37
45279
140
50000
14
50000
40
12082
50000
1877
50000
50000
50000
758
50000
6
50000
50000
311
50000
3712
342
23002
12855
50000
50001
50000
50000
50001
15530
50000
3
10
1
50000
50000
50000
1
50000
50000
27
50000
2290
2
50001
1543
50001
50000
62
50000
50001
11
50000
50000
50001
9176
25482
3
78
1
26950
50000
50001
50001
50000
10464
158
50000
50000
50001
50000
50000
50001
50000
45
50000
50000
50000
1
11
1
50001
7
18
50000
50000
50001
50001
1
2086
97
4023
639
1
565
3
50000
1
50000
20933
50000
50000
131
50001
50000
50001
50000
1
50000
50000
50001
24253
1
50000
85
122
50000
50000
265
50000
11
1
11
50001
2029
12590
50001
50000
50000
23894
13
50001
50000
3782
9
50000
50000
50000
50000
50000
50000
4474
50000
50000
50000
50000
50000
50000
9
50000
31511
8129
1689
50000
13321
4094
50000
50000
5
50000
50000
46363
4
8
25666
1
81
50000
2342
1
2
50000
380
50001
2981
50001
1774
79
50000
651
1261
2740
50001
15
50000
50000
21390
31
50000
1030
50000
15
9314
2
50000
50000
13
50000
5491
50000
50000
50000
50000
1
9
2
50000
50000
163
1
3365
2
745
50001
50000
50000
50000
7
50000
15
3
46780
50000
61
50000
50001
50000
50001
50000
50000
50000
50000
1
436
1392
25
50000
10
50000
50001
50000
50000
46
50001
13
454
50000
50000
1035
50001
8173
50000
3
50000
50000
50001
15356
66
226
50000
3
50001
50000
50000
50000
50000
50000
2
3855
9
50000
50000
21
50000
50000
17323
50000
50001
50000
50001
50001
5987
50001
326
3
506
197
49058
46009
50000
3
50001
50001
11
50001
50001
50000
5
50001
1776
13
50001
176
50000
50000
50000
47
50001
4
568
24294
250
97
201
50000
50000
50000
24
2
23
9
13619
50000
33
18
50001
50000
1
18799
3
50000
106
50000
16
50000
50001
10
1
805
1
50000
50001
2029
50001
50000
17
50000
50000
50000
1034
50000
8
50000
8367
50001
50000
50001
192
50000
1
50000
50000
9
189
50001
17
50000
3717
14
1
50000
29229
50000
50001
5193
2844
50000
50000
50000
112
3762
19
104
50000
50001
8533
50000
6
1
50001
74
855
8553
50000
250
76
50000
50000
50000
50000
10
44
3601
50000
50000
50001
50000
1
188
26
4
1
296
50000
50000
2646
50000
1
2
50001
50000
4772
9
50000
50000
50000
50000
15483
50000
70
6
50000
50001
50000
50000
50000
2
50001
50000
50001
598
50000
50001
50000
9
24
50000
50001
8697
50000
50000
50001
1
5569
13
50000
2
336
12
50001
35344
344
9
1
7
50000
21850
588
4206
1243
50000
50001
549
50000
218
1693
1
598
15603
50000
50001
161
125
6068
50000
50000
50000
28756
50000
50000
50000
37
50000
50000
143
554
401
1
1
13
907
882
1382
5329
50000
20809
36
5
1
1599
218
50001
13
50000
5
50000
50000
50001
113
50000
50001
2316
50000
50000
9103
50000
50000
35679
50001
17
50000
50000
50000
9
50000
50000
3
50000
1
50000
50000
50000
813
50000
50001
249
188
50000
9
148
109
1850
2496
50000
2
6
139
857
50000
172
905
6
20062
192
1
26
50000
1
50000
14
50000
5
50000
4
50000
50001
732
22
5
50001
1
50000
50000
50001
50001
50000
50001
50000
25010
1
50000
50000
50000
50000
24
39
50001
50000
23076
432
5
81
2
10
24191
2611
1309
50000
50000
50000
50000
44767
1269
8
30
50000
50000
1172
24
50001
16
1007
2
2
41280
50000
50000
50000
1643
141
40
25936
50001
109
287
303
188
50001
50000
50000
50000
50001
12
50000
50001
50000
30
1
50000
23
50000
50000
7666
50001
1
50001
104
50000
50000
50001
50000
1
50000
5
4
50001
14
50001
50000
6
8
50001
2
13087
49
8
8445
50000
50000
822
50000
2529
50000
14
50000
50000
50000
50000
50000
50001
63
2
50000
50000
50000
1
8518
21963
50000
50000
1
2
50000
1439
1
50000
33
50000
50000
50000
50000
36
19
50000
40797
1
50000
7
3
50000
3174
23967
50000
1296
50000
1
295
1782
50000
50001
81
50000
3
50000
161
50000
4
13871
1
694
1066
50001
407
50000
50000
50000
50000
1
50000
17
50001
1144
50001
4202
8
50000
50000
50000
50000
50000
50000
50001
50000
50000
1120
179
2
50000
2095
25430
50000
29
50000
50001
4
50000
50000
1
50000
168
35
50000
50000
50000
4
50000
50001
50000
696
50000
433
50000
50000
50000
2602
50000
50000
1
22
3179
50000
88
50000
462
50000
2479
9608
50000
2147
50000
50001
50000
50000
50000
4311
50000
3
50001
168
50000
50000
13
19765
1
50000
3
266
50000
50000
50001
50001
50000
50000
50000
50000
1
50000
50000
4
50000
1
50001
50000
1485
50001
50001
255
1
50000
11654
50000
50000
29505
50001
22785
50000
11
50001
50000
3
50000
50000
88
1
2
50000
1570
50001
3
50000
50000
50000
2780
50001
1110
50001
666
50000
645
1291
50000
2952
50000
50001
437
50000
9
1
50000
4935
50000
50000
10290
1
50000
50000
188
50000
50001
50000
619
50000
183
50000
50000
50000
454
50001
50000
50000
50001
50001
50001
24911
50000
50000
71
3130
319
10
2857
19319
50000
24
50000
1
25667
1
50000
50000
27133
1
106
50000
50001
50000
50000
2
5
50000
193
50000
50000
653
50000
22
50000
50000
1
906
3375
2
287
50001
1165
50000
1
1
50000
2
50000
75
50000
141
50000
1083
50000
1
13
50001
50000
8
32
50000
50000
5273
1
1
220
28
5406
50000
48623
5
1
12
17304
50000
21390
66
1
50000
1
50001
50000
10
3
143
13
50001
50000
211
466
20
1
50000
7
50000
2601
50001
88
6
331
1
50001
61
845
1
1
50001
2
14546
43687
4
50000
50000
50000
50000
1
50000
1
50000
50000
50000
50000
50001
50000
50000
50001
11708
32
9
50001
39519
50000
292
8
331
50000
9
1
50000
2
50001
2
50000
1
189
62
1507
89
1
10351
50000
29
50000
50001
50001
412
10
7
359
10
50000
50000
50000
56
50000
341
7524
7
50000
622
50001
7
1
50000
50000
50000
50001
12
50000
50000
50001
50001
1
2
50001
4020
6796
135
50000
50001
2
8446
50001
1
535
50000
6379
57
2
50000
210
5
510
1
50000
31
1
1
23
50001
50000
50000
50000
50000
294
50000
50000
50000
50000
50000
44240
1156
50001
431
50000
50001
160
23
50000
6
50000
1
50000
50000
50000
16
1
1248
1066
8264
19238
29167
50000
21272
426
22102
811
50000
1839
1
473
50000
17076
50000
50000
84
50000
50001
50000
50000
50001
50001
50000
12
1
8
74
4
136
117
50000
50000
3168
3968
50001
2881
10179
50000
12
23
18072
1
80
50000
50000
50000
50000
42092
50001
50000
5667
50001
50000
85
13
50000
50000
39
50001
50000
15104
1
16
14525
50000
50000
34
131
33909
1
405
2
1
50001
50000
13
50000
50000
50000
19
919
50000
50001
1
1
4
50001
2
1526
449
4208
50001
50000
50000
50000
50000
50000
50001
5
14409
27
662
50001
50001
50000
50001
4
50001
5
50000
10
11608
1
179
4239
50000
50000
50000
1767
3765
50000
50001
50000
50001
7
11
20
50001
4
13
21
50000
5514
50001
21
50000
50000
50000
50000
50001
52
50000
1
1
1
498
50000
50000
50000
50000
2
1
1308
50001
4
50001
1
6
2278
50000
50000
65
25380
1
50000
50000
50000
5
50000
7
7914
719
50000
35141
50000
2365
50000
50001
50000
50000
637
50000
51
50000
50001
6
639
50000
50000
50000
1
50001
50001
46
1
19
50000
50000
50000
4
50000
76
3
1
50000
50000
338
50000
50000
330
1
288
8
4
13682
50000
50001
2
50000
2
169
461
50001
18
46365
1210
50000
50000
50000
50000
50000
379
1
2
50001
50001
50000
36277
4489
486
25365
9090
331
29392
50000
9
50000
50000
20
37908
50000
50000
50001
50001
50000
1
50001
50000
50000
249
50000
50001
2
1
50001
50000
2
1
1432
65
50000
50000
24444
50000
50000
50000
179
50000
50000
20603
437
1
50000
12136
50000
50000
50001
50000
50001
50000
644
50000
50000
50000
50001
145
39385
320
17
50000
50000
50000
46
50000
2666
50000
4
1
50001
69
50000
50000
203
50000
50000
50000
50000
172
2
50000
50000
2
1
50000
50000
2
2419
17
50000
1
50000
50001
314
50000
518
24
6
50000
50001
50001
23
50000
146
50000
27
99
50001
50001
1410
1
1
50000
1947
5
50000
50000
11
50000
50000
50000
37
6
50001
2327
50000
6094
103
2691
50000
50000
50000
50000
529
50001
50000
50000
3
50000
1474
50001
50001
50000
1
1
50000
50000
18
50000
1938
50000
50000
15
50000
50000
50000
17
50001
2
50000
50000
50000
50001
50000
14179
50000
47149
50001
50001
25
3653
23
4
62
50000
9
4
208
3147
2
50000
50000
50001
50000
50000
50000
17
5
1203
1
6
1
50000
50000
375
50000
3009
1354
9
50
3543
50000
50000
10
223
50000
48
50000
50001
50001
17
50000
5103
50000
67
50000
40
50000
15
50000
50000
15
50001
50000
1
50000
50000
50000
50001
2
50000
3328
3864
50001
18969
1
17125
50000
50000
50000
50000
268
50000
50001
50000
5298
50000
50000
2
50000
132
50000
50000
16944
50000
87
505
50001
50000
5
50000
1
50000
2
51
50001
50000
8400
50000
17607
8573
18
228
50000
50000
50000
50000
50000
50000
50001
50000
50001
266
826
50001
2
50000
50000
50001
216
50000
50000
366
814
17
6893
92
50000
12402
50000
50001
18
9
50000
20128
50000
594
50001
50000
1
50000
50001
50001
50001
50001
3607
50000
50001
50000
50001
50000
269
82
50000
1359
110
50000
50000
1
238
50000
50000
84
50000
50000
50001
50000
77
50000
2
50000
149
50000
50001
50001
5363
50000
419
50000
50000
50000
50000
50000
1
2704
50001
3742
50000
50000
26
2
50001
50000
41358
4155
296
50000
50000
50001
50000
209
50000
5
50000
3650
8
50000
2
50000
50000
3
50000
50000
50000
111
50001
94
2
2
1
50000
50000
55
50000
50000
50001
12
9
908
50000
50000
50000
50000
50000
50000
2
50000
50001
50000
79
1076
50000
50001
50000
50000
2551
50000
50000
50000
10
782
2
5
615
50000
50000
50000
37
50000
92
50000
13
67
1542
50001
50000
50000
4
50000
50000
50000
50000
50000
12272
21
1
50000
50000
8145
50000
50001
50001
50000
991
28616
50000
50000
2
1
781
1124
50000
50000
20976
14
50000
35275
39580
50001
50000
50001
7
21
50001
31020
50000
50000
50000
3102
50000
50000
25445
50000
251
50000
23
50001
4
50000
473
50001
1
50000
285
2998
2
1
50000
50000
25
50000
50000
50000
50001
50000
50000
102
50000
8
50000
50000
50000
1
50001
1
50000
50000
1
50000
50000
386
50000
19
1
2
50001
50000
64
24
1
50000
50000
1
50000
10058
9
50000
6318
16
72
1
9
50000
14065
50000
50000
1348
1
42227
50001
50000
160
50001
50000
50000
2
3
2595
50000
50001
997
50000
50000
50000
8
50000
464
1035
26
50000
50000
50000
50001
221
18
1
50000
24
50000
1
181
50000
50000
269
87
50001
46
486
1
50000
50000
50000
111
50000
50000
207
50000
13073
50000
895
14229
50000
50000
50000
3
1
50000
5
50001
14987
50000
50000
50000
50000
50000
11
50000
50001
1727
453
50000
50000
9
2
315
50000
6
50000
50000
50000
5
50000
500
50001
50000
50001
5405
50000
50000
1
5
186
50001
50001
50000
12
693
39191
1
405
729
50000
50000
50000
2
14
50000
50000
78
1101
14
50001
50001
50000
507
11796
50001
1
1
158
50000
1
50000
29
50000
15615
50000
50000
50000
50000
1
6076
5
50000
50000
50001
50001
1280
197
50000
88
50000
253
50000
50001
3
50000
50000
11
20
612
50000
50000
15
50001
50001
19
50000
2
4303
50001
29
15
14178
5345
50000
4977
50000
50001
1029
85
50000
50001
3183
7
3653
3805
2
50000
50000
50000
243
571
50000
50001
159
5565
50001
3
114
50000
5
50000
1
2214
2604
50000
50000
262
50000
91
50000
2168
8838
50000
50000
3736
171
50000
50000
50000
2
50000
50000
2
1837
1
50001
1
50000
28
50000
81
16401
50001
50000
5494
50000
26688
50000
226
18097
50000
52
2
50000
50000
50000
50001
2
50000
50000
213
4
50000
50000
4744
50000
50000
1
640
50000
50000
28
330
50000
50001
50000
50000
50001
261
27319
9
50001
62
342
2
50001
50000
8
1
36
4
8966
15524
50000
50000
50000
5
50000
6481
50000
50000
11074
50000
50000
983
50000
50000
4
50000
11
50000
368
50000
50000
50000
50001
22
10775
50000
291
2
1
50001
50000
50000
6
67
771
442
22
22
50000
50000
50001
50000
50000
10
11478
50000
50000
30
657
1702
2303
50000
2094
2
50001
83
2
750
1
40
50000
50001
49937
50000
60
50000
50000
50000
1212
50000
50000
50000
1
8
50000
1
50001
50000
50000
1
50000
50000
50000
846
6948
199
48143
1
50000
50000
47
1
50000
50000
418
50000
50000
7857
50000
2269
50000
50000
50001
5
50000
50001
3
50000
50000
10
50000
2
50000
45
50000
50000
5625
50001
50000
74
50000
50000
1
54
76
55
50000
50000
50000
2
50000
1
50000
1
50000
1126
50000
2
50001
50000
1
43651
5
50000
169
110
50000
2
5
7
50001
2
7870
50000
3726
50000
50000
50000
649
50001
38
553
50001
50000
14
50001
50000
56
50000
1
50000
1
29871
50000
50000
50000
7852
50000
2663
4
50000
50000
50000
2477
13290
50000
22
904
50000
1
2
2
2
50000
50001
188
50001
1
50000
1
6
50001
3794
130
1
50001
50000
10
4047
1210
50000
50000
3995
38
9
50000
50000
13217
50000
50000
50000
1
50000
8
50000
50000
50000
2
50001
50000
50000
99
50000
50000
50000
4446
396
64
228
50000
50000
50000
4
29273
3
50001
50001
50000
5557
57
4090
50000
223
38248
38067
50001
1
50000
50000
177
50001
50000
50000
2510
50000
245
50001
523
3
50000
50001
50000
15
50001
50001
50000
50001
1
50000
700
50000
36905
22
17576
50001
50000
14879
23087
50000
50000
50000
8
50000
50000
32
1
212
33428
5136
2
297
50000
50000
3
50000
50000
50000
50001
44
50000
1
50001
4
50001
50000
5002
50001
50001
50000
1
50001
50000
86
1
2180
1
56
3926
8279
191
50000
50000
50000
2662
96
50000
50000
9
76
50000
50001
1154
50000
50000
50000
50000
50000
317
342
50000
50000
2
10343
6
12
50000
50000
167
50000
50000
50000
10034
2
1571
50001
50000
23
50000
50000
50000
123
1
50000
50000
6463
50000
7203
14291
11
752
50000
2409
50000
11
50000
17
50000
50000
9214
50000
38141
50000
14
1
50001
272
637
169
50000
50001
50000
50000
50000
50000
50001
50000
50000
37572
50000
683
50000
8
214
50000
46935
81
8
50001
50000
7640
22698
34
50000
7
50000
50001
1381
13
1
50000
50000
1
124
75
11014
1342
20420
493
1
50000
231
2
7
50000
68
50000
50000
1444
13
50000
1
50000
50001
6
50000
7851
50000
50000
50000
50000
50000
50000
50000
50000
4
62
9192
42
6379
2145
50000
2577
50000
12260
210
50000
50000
122
50001
50000
367
20
50000
50000
50000
6163
24
50000
29
23630
50000
44
50000
1
50000
50000
50001
50001
1
50000
50000
50000
2293
50000
50000
361
419
50001
50000
50000
50000
50000
4
50000
3828
2
29
50000
3
91
50000
64
50000
377
1
50001
50000
50001
5865
50001
50000
195
16908
50000
50000
50001
50000
20532
14887
43
4596
50000
50000
50000
16949
50000
50001
1
50000
50000
16
50000
50000
12
46
2
50000
50000
50000
2476
890
16
4
50001
4
50000
50000
5
50000
50000
50000
17
3
50000
3564
50000
3
50000
50000
50000
6
2003
50000
50000
46
50000
827
2455
50000
50000
50001
1
50000
50000
50000
50000
50000
50001
632
4078
50000
50001
50001
48
50001
9189
10
1
50001
50001
2
34
50000
1
1
50000
50000
50000
50001
50000
494
1
50000
419
50000
5
4220
12
50001
50000
50000
1
50000
50000
102
50000
50000
67
50001
50001
9131
50001
2
50000
50000
588
609
32689
25
1928
50000
54
554
62
50001
50001
12
50000
50001
6
1296
50000
1
3123
50001
50000
17
3
5
1
50001
50000
10152
50001
14
50000
50001
2
3673
50001
3
75
684
37
50001
50000
50000
50000
50000
50001
6400
50000
50001
49
2
50000
3351
50000
1881
3
52
50000
50000
50001
407
50000
50000
2
34249
50000
7
3
50000
50001
50001
649
50000
50000
10
50000
50000
50001
17350
50000
637
50000
50000
150
1
10229
50000
50001
50000
25
50
5425
17098
50000
20
50001
4
50001
50000
50000
10
50000
50001
17170
2
1
9794
10
50000
6
4
54
50000
159
50000
19333
50001
50000
50000
3833
50000
50000
134
3
1309
50000
50001
50001
50001
7
2
717
1
50001
1603
50000
50001
220
50000
19461
50001
50000
5
50000
50001
37
50000
27916
50000
11139
50000
50000
17
50001
50000
14
214
50000
30617
11
50000
50001
52
144
50000
1
1681
50000
179
504
50001
50001
935
50000
50000
1
1
50000
50000
50000
67
50000
1
50000
1
50000
50000
50000
2
50000
1
50000
50000
50000
3043
2789
50000
11
50000
50000
1
8
50000
50000
50000
50001
1
50000
1
2
13
38
1782
10336
12351
50000
2620
47185
50000
50000
27
50001
50000
50000
50001
393
2
1290
50000
50000
12
50001
50001
52
50000
50000
50000
50000
1
50000
13752
50001
2
50000
50001
2795
3
50000
47
2094
261
6
50000
2165
50000
50001
50000
50000
50000
521
332
9422
50000
67
3
15
50000
50000
50000
50000
1
27441
50001
345
50001
50001
50000
1
50000
50001
50000
50000
50000
50000
50000
50000
2405
3355
50001
2
138
129
50000
307
50000
11499
680
50001
20847
50000
155
2
50000
50001
25
50000
41314
1047
8093
1
16
50000
50000
533
50000
16437
50000
50000
132
50000
50001
50000
50000
50000
50001
180
37
397
50000
216
2
1
50000
50001
640
50000
50000
50000
1
50001
50000
50001
473
1869
50001
370
50000
1
50000
50000
8
50000
20528
50001
202
50000
137
810
109
1
50000
50000
3
50000
491
50000
50001
50001
50001
50000
50000
1
50000
1
50000
50000
2541
50000
50000
3
50000
33013
1
50001
50000
50001
31
7
381
50000
50000
1
50000
50000
50000
50000
487
15
24482
50000
50000
50000
50001
50001
45
6354
89
50000
50000
50000
3835
50000
50000
2
265
3491
43005
50000
12
50000
9
8
72
50000
3039
50000
8
11719
50001
161
50000
50000
271
50001
148
50000
50000
50000
19384
50000
50000
32895
50000
42
50000
50000
10
50000
50000
124
10
11046
50000
50000
48
2
50000
13
500
50001
65
50000
50001
50000
87
1376
197
50001
9853
4
50001
48
113
50000
50000
1690
1
50000
50000
42333
50001
1
208
4702
8
2
50000
50000
11524
50000
50000
50000
276
4
50000
50000
50001
50000
263
39175
1
480
50000
12887
50000
50000
27588
50000
50001
50000
192
50000
1
1
20
16458
18
1
50000
50000
50000
50000
50000
1
50001
50000
123
50000
50000
35
50001
289
162
50000
49
1239
6
50000
24805
50000
50000
2
50000
446
210
50000
50000
50000
50000
21
50000
1
50000
1
50001
50000
50000
759
1
50000
3
50000
50000
50000
1713
434
1
50000
50000
1237
50001
1
50001
50000
50000
50000
16503
50000
1766
16363
50000
50000
8104
50000
5033
50000
50000
50000
50001
50000
1
50000
2687
50001
42
3
50000
50000
50000
50001
5
50000
50000
5986
50000
50000
58
50001
50000
1247
50000
30
129
21
50000
2
74
50000
1
50000
50000
86
50000
50000
6959
2
50000
50000
50000
25739
50001
115
373
842
50000
50000
44563
59
1
3038
50000
262
28608
50000
5
4686
25
50000
20846
50000
50000
50000
50000
97
50000
413
1
50000
8
50000
50000
6716
783
50000
50000
50000
31508
50001
247
9
50000
50001
50001
1
45687
50000
152
50000
6
51
50000
4
50000
282
50000
1
16502
50001
4
50001
50000
1
1562
50001
50001
50000
7
50000
50000
2
50000
3762
50001
50001
4
50000
50001
50001
4020
50000
50000
50000
50001
50000
50000
50000
50000
50000
1
11
50000
50000
18
828
5
50000
50001
6758
50000
1108
31
251
50000
50000
5378
2919
1286
50000
13
1
11
24
50000
50000
50000
50000
50000
50000
50000
50001
26
50001
2933
1
4286
14
1
50000
50000
2707
254
89
707
50000
46392
50000
2235
260
4
18530
50000
50001
3
50000
50000
1
41040
3368
50000
50001
495
50000
53
25
50000
50000
4533
13
50000
21
50000
50000
410
50000
50000
243
822
2315
50000
50000
50001
5
1827
3522
50001
148
50000
50000
13490
8310
3421
3792
1
78
127
50000
33
1270
50000
50001
50001
19
50001
50000
50000
31559
50001
200
28
11312
246
50000
2399
50000
53
50000
14182
50000
50001
50001
1056
50000
1
1870
50000
4
34605
4076
50000
83
50000
50000
50000
7731
50000
50001
50000
50000
22
35
213
50000
50000
50000
2
50000
1
179
50001
50000
50000
1282
50000
50001
1653
50001
4
50001
1
50000
50001
19
3
3932
50000
24670
2
50001
1
1
50001
11
6
7
50000
50000
75
2
50000
50000
1
2
9
50000
50000
50000
459
50000
831
3
2385
50000
2506
392
18560
50000
50001
50000
50000
1
50000
50000
17771
50000
514
1472
50000
50000
50000
4
28
50000
50000
15
1665
50001
197
8
4
50000
157
50000
50000
1525
3403
50000
50000
2
3332
50000
8545
50001
32
50000
7717
50000
50000
50000
50001
1002
10864
50001
212
50001
1
108
50000
637
50001
50000
50000
2
22
50001
18982
50000
5
50000
50000
17
50000
50000
50000
50001
50000
4
50000
1
50000
50000
35120
50000
50000
19
50001
3458
1
154
50000
50000
50000
239
2297
50001
50000
6
698
50001
50000
7726
31
8
50001
50000
35019
18202
5711
50001
1
107
20
30296
50000
5
50001
2
1
50000
6
3
50000
1534
50001
50000
50001
50000
50000
50000
10
1
3450
4214
50000
50000
11329
680
50000
50000
50000
50001
50000
89
105
5
1117
50001
50000
50000
1
179
25431
2399
1984
50000
2
19
50001
50000
1
6804
89
50000
7
25
31581
50001
50000
50000
33
50000
1
50000
5
50000
3
50000
50000
50000
12087
158
29
50000
5
50000
50000
50001
7
2
50000
50001
75
50000
50001
50000
50000
50000
4276
50000
41066
50000
2
50001
2
870
50000
967
50001
50000
50000
8917
50001
34
11
50000
50001
1
50000
50001
50001
50000
43
1
50000
1229
1312
50001
50000
344
3428
706
50000
50001
50000
50000
50000
50001
50000
4
935
1187
5
4
20
50000
19082
2590
50001
5493
50000
50000
50001
34881
50001
16
218
50000
9
8637
50000
50000
50000
50001
3
14
50001
50000
50000
50001
50000
50000
50000
129
1
50000
4
6
51
3
7803
50000
110
50000
50000
50000
4
245
21
30
50001
4598
50000
50000
5
400
11847
1
4671
1
8428
50000
6
50000
14
8
50000
50001
7543
1035
723
50001
50000
1
50000
6
25672
6
42022
23
50001
50000
50000
362
15
50001
1
1
50000
2
50000
50000
3
50000
52
1
6935
9
2
50001
50000
50000
50000
35
1376
50000
50000
50000
50000
81
50000
139
1
50000
50000
2
574
1
1080
23
50000
50001
6435
50001
2
50001
15340
50000
62
1
50000
50000
50000
298
50000
50000
50001
2
1
50000
2
1
52
1
50001
50000
44
2876
50001
50000
1
862
50001
50001
307
50000
4574
34161
10517
50000
1
18819
50000
50001
50000
1
50001
265
14667
50000
50001
50000
50001
50000
50000
50000
39
26
1
50000
50000
4
50000
4291
50000
16
50000
3
50000
50000
1
50000
50000
50000
50000
50000
50000
50001
1
168
87
50000
8
50000
50000
50000
50000
50000
189
1
611
17
50001
1
50001
1206
51
50000
229
2
1
704
50000
50000
50001
12
50000
1
50000
68
50001
61
714
50001
10
50000
20
50000
50001
50000
11729
50000
50000
338
10078
8
2
161
1259
50000
50000
50000
1
3272
2951
49435
50001
50000
50000
50000
50000
50000
50001
50000
50001
50001
50000
50000
1
114
50000
50000
2
35
50000
50001
24310
13786
28494
6
6645
50000
50000
50000
173
50000
50000
50000
12869
4
50000
19
50000
387
3041
50000
50000
50000
50000
1
50
50001
50000
1
9617
50000
50001
10177
25
9250
50000
50000
50000
50001
90
59
4
50000
50000
424
111
50000
50000
77
50000
4024
50001
1
3415
22
50000
50000
2
50000
12
50000
50001
1239
50000
7377
4
1
3918
75
18251
50000
50000
50000
50000
50001
3
3759
2045
50000
62
4969
50001
50000
50000
50000
3
50000
