4
50000
50000
50001
8
1744
44
628
50001
45
11366
367
50000
50000
50000
50000
50000
50000
50000
2
50000
50000
50000
40
50000
50000
25232
5
50000
50000
24762
50000
103
50001
2103
17
50000
50000
50001
50000
50000
26292
50001
2
50000
50000
50000
50000
50000
4910
7467
5508
50000
50000
50000
50000
50000
50000
181
1915
50001
50000
20924
791
50001
50001
50000
9
6397
50000
380
50000
50000
50000
50000
50000
225
490
17
1
3833
16498
8
18
165
34
1
10
154
5
50000
336
50000
24
10940
50001
1
5
50001
18
1
50000
50000
50000
50000
1
50000
50
50001
3
1139
50000
3193
50000
4405
7895
1
29948
50000
3622
20349
39967
17914
16
299
3
1
50001
50000
50000
50001
978
50000
10
50000
50000
989
50000
50000
228
2894
50000
1383
50000
50000
5708
50000
50001
50000
50001
50000
3
50000
50001
50000
7
1
2
369
50000
1
250
50000
28290
4
29
50000
2
50001
50000
22
88
50001
25982
16410
112
8
50000
50000
50000
50000
23
50001
1002
50000
50000
1
50000
50000
50000
31422
50000
24
50000
1059
50000
1
1
1441
3
50000
50000
4
71
50000
50000
794
50000
50000
2
1118
50000
570
13266
23
50001
50000
50000
14
50000
1587
50000
415
609
50000
50001
50000
1
1
1
50000
50000
50000
34
50001
50000
15854
50000
50000
25079
50001
50000
338
50000
50000
50001
50000
23827
1606
50001
1038
50000
1
1534
50000
3
76
50000
50001
39
1
8985
50000
50000
7606
50001
10
50000
50000
50000
50000
62
50000
50000
50000
36580
50000
50000
8405
13399
50000
50001
50000
50000
50001
7033
50000
4789
15893
23678
2845
50001
15549
11
50000
50000
50000
50000
54
50000
2144
5
50000
50000
50000
1056
50000
50000
50000
20
50000
50000
50001
50000
5
4833
50000
50000
9
50000
1
50001
50000
46
1
50000
50000
50000
6
177
50000
1
50000
50000
50000
54
18223
1
50000
2216
50000
31
50001
50000
50001
2
50000
11
6
2
127
20
127
458
42
50000
50000
50000
1
50000
50000
328
50000
10
45772
50000
42722
50000
50000
50000
50000
21777
50000
51
50000
50000
50000
1528
543
15
12
50000
50000
50001
50001
50001
50000
154
50000
307
50000
88
17164
166
50001
18
2113
4335
50000
50000
50001
1
50001
50001
50000
50000
50001
50000
50000
57
111
50000
50000
1
50000
192
1
50000
2726
1
1
50000
50000
39750
13
1
7875
50000
144
276
36202
21
39
50001
27472
2
50000
101
380
31463
50000
1
50000
2
50000
50000
1
50000
50000
4584
13177
626
428
25705
50000
50000
50000
32
6
50000
50000
260
50000
50001
1787
5
10
50000
50001
50000
50000
50000
50000
50001
50000
50001
4
59
50000
2
50001
50000
50001
2
50000
50000
1
50000
1
50000
50000
16
3149
9
11628
203
50000
50000
50001
50000
116
515
407
50000
2
50000
50001
2
50000
50000
50000
50000
1273
180
27
50001
50000
1
50000
50000
50000
2
8035
88
50000
4
5
50000
50000
5
50000
113
7943
28368
50000
1181
639
383
50000
1
50001
6693
50000
50000
1
6
3
1047
33212
45
50000
9002
50001
50000
3740
50001
2
50000
1725
50000
19
50000
134
50000
50000
1
50001
4
1
3338
50001
50001
1279
50001
50000
5652
318
50000
2236
1688
47150
50000
50000
50001
50000
50000
50001
6949
50000
6685
50000
50001
17
50001
1
50001
50000
1020
50000
50000
29
50000
11405
50000
39
50001
8282
99
1279
33593
50000
82
5691
50000
4
1099
3161
50000
50000
50000
208
50000
50000
50000
50000
50000
50000
57
50001
1
50001
16
50000
50000
48773
50000
50001
50000
7189
50000
50000
50000
34
50000
1
13257
50000
50000
1973
50000
50000
14719
41693
50001
1
4
50000
50000
27
50000
3
1
6
1
1838
38
50001
4403
197
50000
67
50000
2
3607
50000
15
50000
50001
50000
50000
50001
13217
4795
46
7
1475
16
8
50000
155
175
21
34
50000
50000
50000
1609
50000
50000
5
1
10010
50000
1634
46640
3249
34
13617
1
3472
4736
50000
50000
27
50000
50001
50000
29
35
28
50000
50000
50000
50000
50001
50001
311
11
50000
50000
66
50001
8
50000
50000
25
4
50000
59
50000
1410
204
50000
50000
50000
50000
297
20647
1405
5349
50000
505
13966
50000
5
28
50000
3
50000
50000
50000
50000
1
50001
50000
50000
186
50001
1
22
50000
50001
50000
50000
728
1
50000
50000
50000
2
50000
50000
50000
50000
2
50000
50000
142
4084
50000
14
153
50000
50000
453
457
50000
19
50000
10077
268
5
50000
50000
50000
50000
50000
64
50000
75
1768
50000
1
50000
50000
337
2789
1
158
50000
4986
50000
7817
1
15765
50000
18122
50000
50000
11
1
3005
50001
423
50000
3884
50000
1
4447
20
263
50000
8
141
50000
1
2420
50000
50001
50001
50000
50001
1486
50001
6967
50000
49
1
3
50000
2
22928
50000
50000
50000
1
2515
50000
50001
50000
50000
50000
50001
11
50000
50000
52
50001
50001
5515
50000
55
50000
50000
50000
50000
50000
50000
50000
50000
50000
50000
11846
50000
50000
50000
109
50001
1281
929
1
28
50000
4
3
629
50000
10
11
50000
50000
6
64
7664
1
21
10670
50000
50000
50000
50000
50001
50001
50000
1
50001
3432
50001
1
138
50000
50001
2
1
50000
2
21
292
50000
50000
50000
17
22
50000
15
587
293
3
131
1
3
50001
50001
169
50001
705
12
50000
50000
4923
50000
51
47
5
50000
50000
50000
2
50000
50000
93
50
18358
50000
421
50000
50001
1
50001
1575
50000
50000
50000
17
50000
120
50001
61
461
50000
50000
1
50001
72
40934
14426
50000
18633
50000
50001
50000
50000
50000
50000
4507
5
3351
50000
50000
5
152
50000
50001
6952
50000
50000
1
50000
50000
50000
50000
21
50000
50001
2660
50001
50000
50000
50001
50000
607
50001
1053
683
50000
5
1
50001
1
1
50000
50000
923
50000
50000
17
50000
50000
2
14
50001
4
50000
1
50000
50000
1
874
16
40
30755
50000
5
50000
7
50000
16546
50001
50000
7094
50000
50001
50000
50000
4633
14
171
119
18
50000
8
50001
199
9
15206
244
50001
1
50000
2
50000
50000
50000
280
2
50000
902
1
14390
2517
50000
50000
5417
50001
31
7
50000
50001
50001
50000
50000
5
50001
11
50000
50000
50001
50001
11402
50000
23794
50000
50000
234
2935
157
50000
50000
671
181
50000
50000
50000
50001
43
50001
1
446
28
50000
50000
50001
1
50001
50000
1
27884
50001
24
143
50000
345
50001
50000
50000
29
50000
50001
13
50000
126
193
3051
50000
50000
50001
50000
4468
4
50000
358
1
70
297
1
50000
50000
50001
50000
50000
50000
33669
50001
7831
50000
50000
54
50000
2169
2
18
50000
50000
50000
50000
833
8498
50000
37
50000
668
2
50000
4
50000
50000
50000
2696
488
2636
18
348
8
50000
1
247
50000
50000
50000
6
50000
3137
50000
12
97
1
28667
2583
50000
4
50000
5
1
357
50000
113
50000
2809
17
50000
7
50001
50001
50000
50000
50000
50001
50001
50000
1
50001
46989
50000
245
50000
50000
50000
50001
11876
7
50000
50001
50000
50000
17
50000
50000
4
20
50000
2
50000
37
439
2
50000
50001
4
4
3969
50000
17
50000
50000
1
1
50001
50001
50000
8879
17
733
50001
50000
8100
50000
50000
50000
28
50000
50000
50000
50000
103
26
50000
50000
7
50000
479
50000
50000
50000
1
50000
691
5
86
15
50000
987
50000
50000
642
113
50000
715
50000
50000
31
8
50000
41003
28273
2795
50000
4
23
50000
21988
16
50000
50001
50000
50000
50000
50001
5
50000
50000
4
50000
2
405
2
1
50001
338
5
2092
25640
50001
50000
50000
642
500
50000
4
50000
50000
50001
6
1932
441
876
1
9
50000
887
50000
50000
50000
7990
1
50001
2
50000
335
50000
50001
46459
1
1
18025
10
50000
50000
14
39
50001
50000
50001
85
50000
83
50000
50
7
50000
2192
3426
5593
2185
16
5
622
1
7
1
50000
50000
50000
118
1
708
50000
50000
50000
1730
50001
5479
50000
50000
50001
31780
15
50000
80
50000
9127
4
441
1306
50000
824
50000
50001
22
18
50000
1421
2
50000
2565
50000
1356
1
50001
25
50001
12
2
50001
50000
50000
50000
50000
10
50000
684
403
50000
50000
2
50000
50000
200
50000
50000
50001
60
50000
6
50000
50000
50001
50000
50000
8302
9598
50000
1659
50000
50000
50000
50001
50000
50000
19522
52
50000
50000
12749
1
3
50000
56
3336
1
50000
50000
1
50001
17
5704
3
315
50001
8
1161
951
588
50001
50001
50000
50000
50000
50000
50001
50000
1
15
50000
50000
6376
50001
5109
50001
23
534
50000
50000
50000
1
50000
12
81
21339
4130
50001
174
1
14230
50000
50000
2
50000
30
50001
50000
50000
50000
50000
13
28258
50000
50000
50000
22
50001
50000
32146
50000
212
4
50000
7205
9
50000
1
9
9
18
50001
7
15
42
18418
50001
50000
8
41594
50000
2
50000
5080
50000
18
50000
50000
50000
50001
711
50000
50000
50000
1
50000
50000
50001
672
13
3
118
50000
50000
2
50001
50000
50000
820
450
7493
1
70
50000
2
12
2
883
50000
2
50000
1
50001
50000
18
1640
44
105
50000
1
50000
46448
50000
50000
6
50000
50000
50000
1
43410
50000
50000
76
14072
50001
4340
50000
45
2
50000
938
50000
1
50001
50000
50001
1556
24121
50001
50000
50000
1262
50000
50001
50000
1
1022
50000
50000
50000
5217
115
26
50001
2
50000
401
158
50000
22
2677
22239
851
50000
50000
50000
50000
200
5712
7
1
50000
2811
50000
50000
1
50000
50001
2
24
3
50000
50000
173
22
50000
1
50000
50000
50001
17
50000
2
185
50001
50000
1246
50000
21459
50000
50000
50000
1216
50000
3
127
50000
50001
50001
8
37615
50000
36
50000
50000
2
62
50000
50000
2
50001
50001
50000
1
368
1513
248
24
56
50001
50001
50000
1
50000
50000
15
456
1
5341
4
50000
50000
13465
44740
1
1143
50000
50001
11
50001
1
6
50001
24312
50000
1100
676
50000
50000
18367
345
50000
50000
50000
1
239
247
44
1699
39
50000
783
50000
50000
2797
50000
50000
10092
72
1
50000
50000
627
50000
50001
710
50001
50001
17
1
50000
50000
1
50000
50000
45201
50000
81
50000
6
5
206
50000
50000
50001
127
50000
50001
1
1630
50000
50000
43
1
50001
50001
50000
50001
50000
1
50000
1
2
50000
50000
1
50001
50000
50001
50000
4
50000
50001
50000
6533
1
419
50000
50001
50000
56
535
50000
3447
50000
50000
50000
50000
1
50000
50000
7567
41
3540
50000
4846
50000
2720
50000
27697
6928
50000
8268
30
391
50000
1
3
119
21375
1
383
50000
50000
6971
50000
3
50000
80
77
4
50000
50000
1
85
51
50001
50000
1
50000
64
50000
17432
50000
16
3
50000
108
22
50000
286
50000
50000
50000
2
50000
50000
45
50000
14
50001
50000
50001
335
3
345
50000
1
50001
15
21
4481
50001
50000
50000
211
315
1
5
50001
79
50000
2917
50000
50000
50000
27
50001
5860
677
1
50001
50000
50000
50000
50000
50001
2
2
50000
50000
137
6524
38
1
50000
50000
50001
12
50000
14
10
50000
50000
50000
50000
1
50000
15
232
11
3
1
2349
50000
1
50001
11461
3935
50001
50000
171
11185
22110
50000
50000
1
1
241
50001
50000
2
2455
124
50000
7287
50000
11
50001
6
50000
1
50000
15235
50000
13537
40
1
50000
21
50000
50000
50000
372
50000
700
50000
1
5
5433
1
14
1
50000
43832
1
13
109
3827
1
50000
50000
50000
3843
2
2965
2
1
50000
50001
50000
50000
31
50000
50000
50000
14
80
5200
50000
50000
918
50000
50000
50000
26
50000
29
2
1042
50000
50000
50000
1
50000
50000
2
50001
261
13161
50000
50000
46
333
50000
1
50000
50000
50000
50001
50000
1896
50000
50000
50000
50001
1237
27
352
583
387
7
50000
35
50000
50000
12
5
2606
10
50000
1
50000
25400
19
50000
364
8
50000
50000
50000
50001
50000
50001
50000
50000
50000
202
50000
2
35
1576
12218
50000
50000
50001
313
50000
50000
50001
1622
261
50000
50000
4
17291
7640
3
50000
3
1894
71
61
501
58
50000
1129
50000
16
50000
867
2
20692
5196
444
50000
50000
1
50000
28
191
50000
7
50000
50001
50000
50001
6
2879
50000
50001
11431
50000
10
74
50000
50001
50000
127
50001
50001
50000
124
1048
5
50001
2
18
50001
2
11918
1
50000
50000
43
5359
50000
50000
258
20764
207
31
50001
50000
355
50000
50000
1
5
50000
1
50000
44
3
1
50001
50000
50001
21
50000
50000
89
3
17
50000
15806
14
101
50001
50000
50000
50000
268
50000
35
20466
1410
50000
50000
1
8
50000
1
10
50000
50000
50000
50000
50000
50001
20465
50000
356
1028
50000
1792
923
68
50000
39
1278
50000
50000
6
50000
43735
50000
50001
50000
50000
25
16658
1189
1
187
50000
50000
50001
5
6
15
50000
50000
6128
4788
50001
6
13
101
50001
50001
50001
1
50000
50000
50001
1534
254
1818
1943
137
50000
50000
1181
40
50000
13
5
50001
50000
50000
50000
50000
1
50000
64
180
50000
50001
50000
1
50000
11128
1
123
50000
50000
17
50001
50000
50000
4714
50000
50000
50000
29701
30
8015
50000
50000
50000
50000
13
50000
172
39
1
50000
118
10499
47112
36307
50000
50000
5
50001
341
1
20
50000
1
4
50000
38348
50000
50000
50000
50000
7
358
50000
50000
50001
4828
50000
50000
45201
117
50000
50000
389
48
50000
11
50001
50001
50000
50001
71
6
3
2041
1827
50000
20
50000
1
60
14
225
50001
1
4
1
50000
31
1
50000
50000
50001
50000
4
2
5
7266
50001
50000
50000
50000
50001
50000
1
50000
13072
50000
50000
50000
985
50000
187
15598
44
50000
7911
50000
275
50001
50000
1
50001
50001
251
50000
50000
50000
28543
50000
13
3
50000
1
1
2094
50000
7
50000
50000
1
50000
50001
1
6713
50000
50000
50000
1004
9
1
50000
2
50000
2
50000
50001
50001
1396
723
653
22857
4402
50000
50001
2545
50000
50000
33655
50000
50000
1
50000
50001
2
50000
50000
50000
50000
1
50000
2
1
2
50000
50001
50000
50000
102
50000
66
50000
308
16826
50000
2
50001
50000
50001
40308
1
50000
29
168
50001
50000
50001
50000
50000
6144
38
149
91
34867
1
50001
4
50000
221
50000
157
32
50000
1563
50000
118
50000
50000
50000
13
119
9
50000
50001
50001
50000
24
50000
50000
50000
80
50001
50001
137
20
50000
419
50000
50000
50000
270
50001
12
50001
50000
2076
188
50000
9
50000
1
302
50000
8583
224
50000
50000
1
50000
25972
18
50000
335
32
50000
50000
50000
75
50001
1
4513
1
227
50000
5
50000
50000
50000
70
50001
1
50000
163
50001
4474
50001
25482
50000
50000
36420
5604
50001
50000
536
1
50000
50001
1
50000
5477
3498
50000
50000
5
50001
21479
50000
50000
29664
16280
50001
611
2417
50000
50000
384
50000
50000
50000
50001
50000
50000
17955
50001
398
2447
50000
50001
50001
50001
1143
47
6
50000
50000
4494
50001
50
50000
50000
50000
50001
50000
569
50001
50000
50000
4
33
50000
50000
1
67
499
249
50001
50001
8918
50000
182
50000
1
50001
50000
50000
4600
50000
50001
50001
547
5338
25
5
1
1013
50001
9
50001
2871
50001
10
50001
2422
3
50000
50000
4
50000
50000
50000
1
2244
1132
50000
27
6
50000
2267
116
13
50001
1626
46792
50001
50001
50001
2
50001
4
5
50000
258
50001
50000
2151
25305
36
50000
2
50001
50000
136
2
50000
50000
1
1
87
50001
1
10
50000
50000
50001
9307
50000
50001
50000
50000
1
50001
12630
50000
4
50000
50000
8846
50000
50001
160
5
2713
50000
50001
6821
50000
2
1634
1
50000
50000
4971
18311
50000
51
50000
50000
31
50000
29
1
50001
50001
3
1089
50000
50000
50000
50000
50000
50000
50000
50000
363
50000
50001
1543
50000
50000
1
50000
3
50000
50001
1
20060
50000
385
50001
50001
25037
1072
50001
50000
19
374
1
23
50001
1530
239
28135
11
50000
50000
1
50000
50000
50001
50000
50000
1
5407
15
225
50000
50000
50001
20
50000
1
50000
50001
50000
50000
50000
93
179
50000
15029
1802
50001
50000
1
50000
992
50000
50001
1
100
50001
50000
3
50001
50000
2011
1
50001
50001
1
50000
50000
966
50001
50000
50000
50000
50000
50000
50001
37130
50000
3
78
15
50000
50000
50000
12023
7
50001
7
4122
50001
14
50000
1
50001
50000
33
25
149
2
50000
50000
1
50001
50000
50000
50000
2
50000
460
1457
2
1
32797
50000
50000
50000
20468
50001
1
3
38
50000
1
50000
3
24
50000
289
28880
2
2
50000
214
1
19
1
356
10
50000
1783
32
24
50000
50001
50000
22
213
50000
7
8967
50000
30663
4
50000
215
50001
20
1487
50000
50000
1
50000
50000
16
50001
1147
50000
50000
11034
50001
16015
50000
1008
10
50000
50000
2
50000
50000
50000
50000
50000
50000
50000
15538
118
1
50000
164
4
50000
50000
22
50001
1030
50000
5
50000
50001
50000
50000
50000
50001
50001
50000
1403
50000
7926
8
50000
50001
333
99
50000
773
50000
9
15099
50000
14
30
50001
50001
1
7281
50000
50000
374
50001
43
50000
50000
50000
50000
50000
50000
50000
50000
6
50001
50001
50000
50000
1
50000
9809
50000
50000
50000
50000
50000
11
4
198
438
530
52
50000
50001
645
2735
75
3824
60
50000
115
4301
50000
50000
50000
50000
12514
50001
1
50001
50000
15
50000
50000
50001
42
150
50000
50000
50000
48
50000
56
4114
50000
50001
50000
45624
50000
50000
50000
1
149
492
355
50000
1
50000
50000
257
19831
17
5
50000
76
151
1
50001
50000
7
50000
50001
50000
50001
44
12778
50001
1024
50000
50000
50000
50001
3
50000
6
50000
1
50001
16182
7
50000
50000
5
50000
50001
50000
50000
50001
50000
50000
2
12
50000
2151
50000
3
5
50000
50000
50000
50000
24
50001
38555
5
50000
126
17
50000
50001
50001
50001
50000
50000
50000
50000
5
50001
4
1023
50000
50001
50000
50000
50000
1
50001
50000
1
7
50000
50000
17299
50000
50000
35220
1784
50000
50000
50000
1678
16
73
50000
13
19
50000
24
50000
50000
1
50000
1
50000
50000
1
50000
670
4434
163
50000
50000
1
1
50000
50000
50000
1
10720
50000
2834
50000
372
50000
8786
2687
21
50000
50000
50000
4874
42
108
38176
12
50000
50000
20
18
1442
50000
50000
50000
50000
50000
50000
50000
119
13
50000
5822
50000
1
79
50000
50001
166
2257
198
50001
10
50000
3
50000
70
1
50000
50001
50000
50000
50000
50000
50000
1
50000
8
16
50000
644
12
50000
14717
44
50000
1374
44
50000
50000
50000
1355
50001
712
251
51
6
17
50000
511
2062
50000
10503
50000
36
50001
50000
17550
127
50001
50001
50000
50000
1570
2
50000
49
1
1
50000
943
50000
1
50001
50000
50000
50000
20
2
4633
50000
50000
279
684
1
6262
50000
50000
484
4
50000
152
2
13
50000
7
132
1
50000
44311
122
1
50000
1
14644
50000
50000
16
36966
50000
50000
50000
50000
8
6476
1791
432
50000
50000
50000
50000
9233
585
1
50000
2
50001
116
50000
779
50000
50000
50001
50001
2174
50001
50001
59
50000
50000
50001
50000
490
50000
3
50000
38
50000
50001
12
1
50000
50001
1199
50000
24487
13409
70
1
1
50000
1
4992
50001
5
50000
553
50000
418
1416
3
50000
50000
35
50000
277
2432
29476
50000
50000
50000
1
50000
3
1
50001
50000
1
2
50000
138
50001
50000
50001
50000
1
50000
14852
50001
20
50000
4
50001
50001
50000
50000
50000
50001
2320
8
8956
567
50000
171
50000
50000
3026
50000
50000
1
3
50001
2
50000
1921
50000
8
19
50000
50001
1
50000
50001
29928
6
7410
50001
50000
50000
7871
202
285
352
50000
50000
6
1955
50000
1
50000
27481
50000
50001
50001
50000
50001
10
50000
5194
50000
28
11
50000
5
25
7784
50000
14
369
1
50000
3786
50001
27
50000
4
39
96
43
72
50000
50000
4
50000
50000
72
50000
50000
6
3
32
951
50000
972
50000
50000
50001
10
50001
50001
9
15
2
50000
1
50000
295
3876
2
4727
50000
50000
50000
50000
1383
50000
4
50000
29
50000
50000
50000
50000
50001
65
6807
50001
574
50001
391
50000
50000
50000
34
50001
50000
50000
50001
1124
11123
50001
8
374
741
50001
23
50000
50001
179
1
50000
2
50001
50000
50001
50001
1
43384
50000
50001
4
174
27
50000
50001
91
1
50000
50000
2
50000
10
16
9
31
50000
50000
50000
50000
11
34
21078
42218
50000
50000
663
50001
544
50000
33522
11936
7
16
50000
50001
50000
50000
50001
50000
50000
50000
50000
1003
50000
5125
2
84
50000
1
50000
587
50000
50000
50000
50000
38687
1
50000
50000
50000
20
50000
50000
16
50000
50000
50000
50000
50000
17
231
1592
50000
14242
50000
50001
50000
7051
50000
50000
50001
62
10
50000
14999
1
2
50000
2
50000
389
21
1
50001
19282
7
11
3429
50001
50000
50000
50001
1099
50000
50000
16532
1
321
790
50001
50000
50000
202
50001
50000
6
50000
50001
50000
1
50000
50000
50001
50000
50000
50000
4
50000
3
21688
141
50000
2
576
1
50001
17943
755
50001
39134
5700
1
50000
50000
9
50000
50000
20
16013
1
9581
50001
50000
6
11
50000
10
50000
50000
50000
50000
50000
2
50000
50000
1
2
138
4585
35
50000
50000
50000
50000
50000
50000
50000
34919
50000
50000
50000
1
110
50001
50000
346
50000
50000
57
50000
894
2157
50000
841
50001
774
50000
50001
58
43
280
406
1574
20777
50001
458
24
34352
50001
50000
50000
10
44
50000
50001
50000
244
17
45
50001
1056
50000
91
55
50001
1
50000
1
50001
50000
1
12641
50000
50000
1
1
50000
29777
50000
50000
39
331
89
50001
50000
47514
34
46
50000
50000
34
3130
50000
50000
50000
400
50000
114
570
63
50000
50000
3690
50000
50000
2
50000
50000
2
1
2
50000
11
50000
50001
50000
50000
2131
32
3
22
4764
50000
50000
50001
50001
50001
50000
50000
2
50000
9562
20
50000
37372
8
50000
36
50000
1
50000
3
50000
3
50000
719
50001
17
1771
5
50001
50000
50000
50001
1
50000
50000
50001
4735
1
50000
9
23799
50000
50000
41
50000
50000
1205
50000
2
50000
4
1036
3
4
50000
50001
6157
50000
50000
22614
50000
50000
50000
1
50001
50000
18673
19183
8839
50000
1
19720
30661
1
9807
50001
5
50000
12
404
3
50000
7
50000
50000
1295
50001
840
50000
50000
50000
50001
3391
1
50000
408
802
2
484
50000
469
1955
1
50000
50001
50001
50000
50001
7607
7477
50000
3
50001
21
50000
50001
50001
45635
50000
50000
34
97
50000
50000
9301
50000
50000
47534
129
50000
10
165
50001
50000
50000
50000
50000
14068
4
205
50001
50000
50001
45272
110
3676
11975
2732
1
3
8
50000
50001
50001
1
29187
50000
1
33
2
50000
50000
1
518
50000
50000
878
50000
10
50000
1
12
1
1181
50000
1
50000
9
25274
1292
50001
206
1561
50000
50000
8
2
50000
50000
50001
50000
50001
7
467
50000
1
18
50000
50000
50000
1
8
6
50001
50001
21049
50001
50000
2990
68
11
2751
1
50001
50001
50000
38
310
56
50000
12
50000
50000
50001
50001
50000
9
13736
50000
50001
50000
50000
612
50000
50000
89
17
50000
50001
50000
50000
50001
3
6
50000
50000
50000
122
1
61
50000
50000
40
50000
2
50000
1
1
1
50000
50001
50001
50000
98
50000
50000
50000
50000
479
50001
50001
50001
50001
50001
50001
50001
1
50000
50000
89
50000
6
113
29
11053
1
15821
50000
50000
50000
15
33
56
50001
50000
1
50001
50000
14972
50000
50000
50000
50001
325
120
1440
50000
50000
50000
1
7
50001
50001
33454
86
86
13
438
24
2
1
8
29
50001
50000
28
50000
27257
7434
50000
50001
35759
50001
1912
50000
50000
50000
50001
50000
12178
50000
50000
26
16
265
50000
2133
50000
50000
50001
50001
50001
50000
50000
50000
50000
50001
37
50001
50000
50001
19
188
50000
815
1
50000
19
1
50000
2629
50001
9006
36
50000
50001
50000
47302
50000
50000
152
3995
279
50001
50001
2
16
1884
35127
50001
50000
87
50000
50000
50000
49760
37
50000
50000
50000
34
50001
1
50000
25169
7258
50000
50000
50000
50001
50000
50000
19
50000
50000
4
50001
50001
50000
210
23
11
50001
2
3
26424
50000
50000
50001
183
56
833
50000
5
156
31
50000
50000
50000
25845
50001
72
50000
50000
50000
50001
1
30
50000
50000
192
77
50000
3657
50001
3586
50000
50000
50000
50000
50000
3243
50000
18
33
2
13913
1
50001
50000
1
50000
5824
50000
50000
50000
17
50000
1
473
38568
50000
50000
50000
83
2
50000
50000
50000
50000
1
21
50000
50000
50000
50000
50000
50000
3
47
304
194
5824
50000
50000
50000
50000
77
20338
1
50000
3
1
50000
50001
50000
50000
429
9
50000
5
50000
50000
50000
10756
50000
50000
50001
50000
5
50000
50000
50001
50000
3
44
50000
50001
50000
50000
50000
1
8740
58
3106
29274
50001
7245
50000
50000
50000
50000
50000
50000
2641
50001
19
50000
13011
13597
1
1
7
4
2
50000
2149
50000
1504
186
50000
7
27576
50000
4
33272
50000
50000
3
50000
50000
50000
50000
50000
2
6493
798
70
1
18
50001
17
50001
50001
3956
38
16395
50001
50000
50000
50000
29
50000
72
115
18
50000
50000
30
50000
1
1
32691
50000
50000
50000
50000
24
27
50000
1123
50000
50001
50000
50001
50001
50000
56
50000
50000
50000
71
50000
624
1
2
1
50000
157
50000
50000
2
50000
976
50001
8846
393
1268
12
50000
458
50000
330
50001
252
50000
50001
50001
50000
84
1
4561
50000
50001
8
50000
2292
50000
1
50000
50000
20230
50000
762
50001
50000
200
39515
50000
55
50001
2
50000
50000
50001
1
50000
50000
3
50000
11
50000
50000
50001
26
37
27
50000
50000
50000
50001
2967
50000
62
9
50001
1
50000
50000
50000
50000
116
524
50000
50000
50001
50000
50000
50000
50001
1898
50001
265
50000
1
50000
1
44
50000
50000
7805
50000
50000
5
47
43756
50001
15
69
50001
7
6
50000
50000
3547
15415
14
2366
19
50000
150
26
8
50000
8133
1
6
177
1
50000
50000
50000
50000
28675
32455
1
50000
50000
1
50000
50001
1
25
50000
1
1
35819
50000
50001
50000
50
50000
50000
228
50000
4
50001
50000
50001
72
50000
50001
50000
9
12445
50000
13519
114
50000
50001
9
50000
1788
90
13
50000
50000
10
654
1
4
50001
50000
328
19
50001
3
50000
1
45
17
50000
50000
44
50001
50000
5
50001
50000
2438
50000
25607
50000
50000
50000
21993
50000
200
251
50000
1
48
50000
4450
800
993
3
9
50000
50000
50001
50001
4967
50000
148
50000
50000
50000
153
5828
6
50000
3
50001
94
50000
50000
331
50000
50000
50000
50000
70
42
7619
50000
5035
192
93
1
50000
50000
50001
777
4921
90
2
675
50000
1
296
7
50000
157
50000
636
1
46029
50000
1
50000
50000
2
50001
3
11379
6
50001
50001
50000
50000
50001
3
50000
39
1
23638
25822
50000
50000
50000
11
170
1
2
50001
50000
50000
50000
50001
307
50000
754
97
50000
50000
50000
12
1115
50000
4
50000
50000
50000
50000
15191
50001
50000
2
50000
50000
249
50000
50000
50000
7
50000
50000
50000
50000
2290
50000
2
50000
2
50001
50001
50000
4057
3431
50001
50001
24
50000
6
50000
3
4
50000
50000
6
50000
50000
50001
185
50000
4877
29
50000
2
50000
2
9
50000
84
50000
2
50000
50000
50000
67
50000
3
16942
7430
138
50000
140
50000
3108
1
23
50000
50001
50000
493
8246
2155
2
50001
50000
12
50000
3558
120
50000
50000
50001
50000
50000
1
50000
50001
50000
1431
50000
50001
50000
50000
1
50001
1
2
50000
50000
50000
50000
50000
376
33571
50001
50000
50000
50000
10
50000
50001
50000
50000
50000
40
50000
50000
201
50001
50000
50000
26
2
50001
50000
50000
50000
50001
1
50000
1
2
50000
50000
822
50000
50000
49311
2
4
50000
50000
4
50001
12
50000
15559
1
5779
16722
3
50000
50000
50000
1
24
50000
12303
10
2966
50000
16
50000
79
11830
8
42950
137
19456
20
38
283
50000
50000
50000
50000
50000
3
4
2
59
50000
164
2933
50000
50000
147
50000
5584
50000
50000
50000
1
70
50000
34
50000
8057
50001
50000
50001
3
12547
50000
988
4
3336
50001
1
50000
50000
50001
2
50000
25387
525
50000
50001
50000
50000
1
50000
1
1735
8
50000
13
50001
50000
1
50000
1
50000
78
729
50000
7
50001
2
18
4
50000
50000
50000
50001
50000
1
50000
36
50000
47912
1
1155
38
50000
50000
50000
2
50000
4
16
50000
1
1
50001
50001
50001
78
50000
1457
50000
116
104
2050
50000
50000
50000
50000
50000
226
50001
50000
45
50001
50000
50000
1
50000
3
50000
936
5
50001
453
50000
50000
50000
9423
50000
50000
31290
50000
50001
104
160
50000
2
1205
50000
50000
988
50000
3672
47
87
12317
50001
50000
2
50000
50001
50001
474
1
50001
50000
50000
50000
50000
9884
50001
1
50000
1076
50000
167
118
50000
50000
50001
50000
183
50000
50000
50000
50001
50000
12
24
50000
50000
8
1
2
17
50000
50000
7101
50000
63
50001
50000
50000
50000
1528
300
50000
1588
50001
8
11
994
4121
50000
8986
50000
30253
50000
31
6983
129
6
50001
549
50001
5634
12
5
50000
37
19355
3
50000
9
52
3034
2
50000
48556
50001
30
50000
1
50001
65
50001
1471
74
50000
50000
1
7451
50001
50001
50000
50000
3173
50000
50000
204
1
50000
50000
40
50000
5114
20
50000
19
50001
50000
30552
1358
50000
50001
3
766
5
50000
8251
146
50000
50000
50001
2
26969
64
50000
4
135
2
194
50001
226
95
50000
15
131
50000
50000
1
50000
144
50000
12
50001
5
1
50000
9964
30
43109
48436
50000
15078
2
50000
50000
50000
17
431
543
2480
11
50001
50000
50000
26
50000
50000
4061
50000
50000
50000
4538
50000
50000
50000
4
106
17
50000
50000
50000
14510
62
1
50000
50001
50000
50001
50000
14967
50001
1
18516
53
50001
50000
50000
1
9
50000
50000
50000
50000
39364
50000
50000
50000
50000
50001
776
158
50000
33
9
50000
50000
35331
50000
1
50001
1382
50000
8787
638
50000
50000
50000
3
3153
50001
50000
50000
96
2
50001
50000
50000
1
50000
50001
50001
50000
1
50000
50000
50000
50001
50000
1
50000
50000
1
50000
1
1
50000
1
172
50000
1
1
953
50001
50000
50000
50000
50000
54
1
6
50001
50001
50000
50001
13883
824
175
616
50000
50000
354
50000
50000
1
50000
50000
707
50001
50000
10
6142
50000
2225
50000
1
50000
50000
214
247
50000
3859
50000
28
50000
1
4
50001
50000
50000
2192
12
50000
50001
42
16
13
5017
1
77
33280
6
50000
50000
50000
209
1
3
621
1
5033
599
50001
258
641
50000
9588
20
50000
10918
50000
17
50000
1229
1283
50000
50000
50000
39727
2359
50000
33862
2
5
50000
13150
14753
50001
50000
21
50000
14174
2
1
7588
31355
400
11456
50000
50000
2790
1023
2
1
311
50000
50000
50000
50000
1
50000
50000
47
50000
50000
50000
50000
4
50000
50000
50000
1
6
50000
4142
1
1718
50000
50000
50000
1869
50001
50000
4
50000
211
50000
18
50000
1
50000
50000
50001
50000
50000
50001
4
3193
50000
50001
1
837
50001
50000
2
3749
318
3
1
50000
151
50000
2075
1
746
50001
50001
2
1
67
1804
1175
11798
298
402
34
38
168
7
50000
50000
50000
2
50000
50000
50000
8
50000
50000
4
68
50000
50000
10167
50001
50000
50000
50000
50000
5065
50001
4608
19486
11
1
50000
29336
50000
2
50000
64
4279
50000
50000
50001
6769
43
50000
117
50000
50001
87
50000
6430
50000
50001
50000
50000
50000
16
11252
50000
50001
44
2
52
11098
94
135
4632
50000
50000
50000
50000
1
50000
313
50000
50001
66
50000
50000
368
1
50000
3
50000
50000
28
10372
50000
543
3
50001
111
50000
628
413
50000
50001
50000
1396
50000
50000
50000
50000
50000
8590
50000
50000
50000
1
50000
50000
50001
6
1
27
50001
50000
10
5
50001
1
6
50001
50000
1
5862
1
1
2438
1194
50000
12
14357
50001
8
254
20
117
50001
50000
11684
50000
50000
50000
1100
50001
172
6481
50000
32
50000
50000
50000
39
14
50001
5
50000
50000
140
50000
50000
9
1
50000
50000
50001
182
50001
50001
50000
50000
20
50000
2
50000
1
50001
92
6
50000
2917
50000
16
50000
50001
50001
1
50000
117
50000
50001
50000
50001
3
50000
50000
50001
19259
9681
52
13
25
50000
2
50000
8
188
50001
50000
50000
50000
50000
50000
1
50001
1
50000
50000
50000
3303
50000
3
50000
50000
1
50000
1856
22207
50001
50000
50000
6240
2
51
1636
50000
50001
50001
50000
50000
50000
2
50000
50000
50001
50000
50000
1
50000
50000
50000
50000
2167
10
1
50000
50000
50001
83
50000
50000
50001
1
50000
50000
5
50000
2
50000
50000
10667
50000
600
50000
2
50001
5
1
11
88
50000
50000
50001
50000
2
2
50000
50000
50001
1078
1
50000
1440
1315
50000
50000
50000
1
14
196
50000
50000
2
36
50001
2331
50001
50000
4
50000
50000
50001
6
50001
50000
50000
50000
50000
50000
50000
50000
50000
50000
50001
3165
50001
50001
6
50000
50000
50000
50000
50000
6
41
50000
50001
1
327
50000
50000
50000
2788
19
50000
60
50000
2682
2
50001
654
50000
50000
50001
33
50000
18
50000
50000
890
50000
1
50000
13578
40
50001
3
50001
50001
50000
50001
10
1
2
38354
50001
24132
50000
931
50000
30
30
2
50000
50000
50000
1
50001
86
50000
50000
3
50000
71
109
50001
50001
1
50000
50000
50000
19553
5
50000
50000
387
41
50000
50000
2
1691
50000
19195
6
50001
50000
50001
50001
331
1
50000
327
1
401
50001
50000
1316
8640
50000
50000
50000
1441
50000
50000
5291
50001
1
1559
50001
50000
50000
50000
50001
50000
6
50000
6660
1206
8
558
50000
50001
60
2
50000
50001
50000
50000
33
5
50000
50000
50000
256
50000
50000
36928
50000
289
1054
50000
344
50001
1
50000
50001
50001
50000
7
37062
3906
50000
50000
50000
6
24211
68
50000
1271
4
50000
159
50000
50001
176
50000
3004
46
2
1195
59
9
50001
1
50000
1083
3
27621
50000
50001
50000
147
10
50000
50000
50000
50000
405
8205
8155
3062
42
4801
209
2
1
50000
50000
13
50000
2
50000
50000
3
1870
863
50000
50000
50001
128
50000
50000
50000
50000
2
5924
44556
1
7669
3
2551
50000
108
50001
21
50000
50000
1
50000
50000
92
50000
50001
140
50001
74
438
50000
524
50000
50001
8
50000
9
31
236
95
50000
69
50000
50000
50000
20
50000
57
15703
29
1
50001
143
30
86
50000
3394
418
6
50000
394
113
6
50000
2
450
50000
5385
56
26
50000
355
4
6
50001
50000
50001
50000
18073
1
50000
2752
50001
50000
68
50000
50000
25
50000
50001
10
50000
50000
5378
50000
1
16028
50001
15880
1
50000
50001
12
1
26826
4432
50000
50000
50000
50001
1
50000
30
50000
10
50000
50001
50001
1
40
2
2
50001
50000
4
50000
50000
30
50000
50000
50001
50000
1
16281
6
50000
50000
50000
50001
50000
50000
30
50000
114
2856
1889
13
50000
50001
1
50000
50000
50000
6
90
18
33342
17624
50000
50001
2
50001
50000
50001
50001
468
50001
50000
50001
48
50000
50000
50001
9354
50000
1
27
2246
50000
50000
2
50000
50000
50001
50000
5330
1
50001
50000
59
2660
50001
50000
1
1
4217
50000
222
5395
17
11319
14
50000
2
50001
1147
1
3
50000
25957
50000
50001
20611
2749
12039
50000
50000
50001
40
50000
50000
50000
50000
5
2
1309
50000
50000
50000
50000
50000
26030
1
24061
538
50000
39
50001
5378
161
50000
3
50000
50000
50000
50000
4163
20
24796
50000
50000
2998
50001
50000
22521
50001
50001
50000
50001
50000
50000
50000
102
10
3864
3539
1
50000
50000
10
50000
50000
50000
50000
50000
50000
11
50001
1
105
1
3104
50000
23
12
7263
9589
1326
50000
50001
50000
50000
50000
63
50000
50001
2
50000
53
1
50000
1
50000
3541
50001
414
14
92
1
50000
7
1
52
2
11
18468
50001
42565
50001
50000
324
256
420
33020
178
13
1
49
50000
17
1
50000
50000
629
10
1
62
50000
38
4
50000
11058
50000
575
50000
50000
4703
50000
43
50001
604
1
50000
48
50000
26302
2
50000
1
1
50000
12283
3
211
50000
50000
6003
50000
64
50000
50000
202
50000
16082
50000
50001
13603
27
50000
23
50001
3
50001
17317
50000
8067
154
50000
50000
50000
5832
50000
11475
50000
260
27
11
3
50000
50001
50000
50000
50000
4668
121
20
50000
50000
50000
20
50001
50000
2
10
50001
50000
5
14
4
50000
50000
50000
50000
50000
16
50001
3
1
50000
50000
50001
50000
50000
37408
52
6
50000
38976
50000
68
69
50000
1
50000
13475
50000
727
28949
50001
50000
11
9
50000
1
50001
50000
50000
50000
22
52
1
48
50000
50001
5
50000
1236
50000
50001
4
5102
50001
310
50000
7
50000
50000
50000
50000
491
50000
339
50000
50000
50000
1
50000
57
8
46
50000
31
50000
50000
50000
104
50000
18
50000
43
50000
19706
11940
50000
50000
50000
1510
390
50000
50000
50001
50000
50000
199
50000
50000
50001
50000
50000
1
50000
50001
32838
30
50001
171
50001
1
50000
23
1
50001
50000
4
50000
314
53
50000
50000
50000
50001
50001
7
57
13936
1
50000
50000
50000
1
50001
38979
50000
50000
1
634
50000
4025
50001
50000
50000
53
131
48
60
50001
50001
50000
17166
50000
195
83
50001
50001
174
50000
50000
1
4
47
50000
1
2
50001
50000
50001
129
2
48
68
4391
575
50000
50000
10
50001
50001
50000
50000
2
210
2
406
1812
50000
50001
50001
1
1
50000
201
125
2783
14
361
50000
26
50000
50000
50000
50000
50000
372
50000
70
50000
50001
1242
50000
50001
3766
50000
50000
151
50000
50000
44650
6
520
1250
50000
50000
50000
50000
50000
2
284
2
2978
332
50000
50001
8
50000
5064
50000
50000
50000
50000
1
46
50000
50000
2
4230
281
77
50000
50001
50000
50001
3
16186
50000
3
2
50000
6152
26938
5069
61
50000
50000
50000
109
86
157
50000
2
2999
50000
11
50000
50000
5755
174
50000
446
36
50001
50001
14
11087
1
4
50001
20068
50000
26
50000
107
654
50000
36907
22063
50000
50001
50000
50001
50000
50000
50000
27
1
50000
33
17
50000
690
15702
29226
33
50000
839
50000
50001
50001
50000
50000
50000
6301
50000
939
25
7321
1607
50000
50001
14272
50000
50000
50000
50000
382
50000
50000
50000
50001
50000
50000
50000
50000
50000
50000
3
10
31
50001
50000
10
50001
12
3510
50001
20230
2
50000
50000
50001
50000
50000
8
50000
50000
50000
16514
50000
50000
18
12632
249
50000
3458
50000
125
2
50000
50000
50000
1
50000
2
50000
66
11
50000
50001
7
50000
1
3
50000
2
21316
50000
50000
391
23
2
31056
50001
50000
50001
1323
50001
1
50000
4273
4126
50000
8
50000
1
13
18
569
4903
6
50001
1
1077
50000
9943
605
1
50000
50000
2443
2
50001
50000
34308
22804
87
50000
619
50001
8
48659
7
50001
50000
32
50000
50000
50001
50000
26
50000
23967
6
50000
7638
50000
50000
50001
50000
50000
50000
4
1594
81
293
1
901
50000
50000
1
467
50000
50000
50000
50000
196
50000
2507
50000
7
50000
50000
50000
239
50000
50000
18
50000
42274
50000
50001
217
50000
50000
9
50000
50000
909
50001
61
14
16650
5734
316
50000
357
1
13075
50000
69
50000
50000
50000
1
50000
50000
2
48808
11
50000
50001
50001
1472
13411
50000
50000
51
9
1063
50000
50000
50000
50000
50000
50000
2
50001
1
50000
50000
1
50000
26
50000
50000
32616
50001
49418
26
17835
50000
1171
50000
50000
86
50000
397
50000
4012
50001
50001
238
50000
50000
47797
50000
50000
2084
50000
2
3510
50001
50000
50001
1
6
50000
273
39
50001
50001
50000
50000
10
50000
50000
1
50000
50001
50000
50001
190
50000
50000
8
123
10
50000
50000
50001
809
50000
62
29
250
50000
748
50000
1
50000
50000
3267
50000
50001
11555
50000
50000
1
50000
2997
50000
50001
50001
33637
1328
67
50000
50000
50000
50000
50000
50000
17
13522
50000
1
4417
50000
50001
133
50000
50000
9803
12
50001
1
50000
62
50000
41
50000
50000
50000
50001
50001
50000
8630
11019
1
5
112
23
50000
29761
284
50000
50000
5
50000
50000
3
50000
50000
50000
209
50000
163
50001
50000
50001
4228
114
50000
50000
115
3320
50000
64
37442
31
310
50000
50000
1772
50000
50000
40
1
46
3472
50000
1
1
171
50000
50000
50001
50000
4
50000
36
50000
50000
96
50000
50000
50000
50000
50000
803
13
50000
50000
584
1
3055
20
511
50001
50000
50000
50001
349
50001
155
50000
2
1
50001
1
318
5
50000
50001
2
20837
4
50000
50000
49501
50001
7970
50001
23
13578
32243
50000
267
50000
215
50001
50000
1545
25
50000
50000
50000
14
50000
50000
1644
2126
50000
343
1
50000
50001
50000
50000
1366
32
50000
50000
40057
50000
25136
50000
2
1
44
50000
50000
50000
13
28
50001
50000
50000
10
50000
4350
50000
927
50000
50000
50000
660
50000
54
5
50001
1
50000
337
50000
1
50001
11
1113
50000
6
50000
50000
50000
50000
2
36
8
1
50000
1
50000
50001
1
1
11001
34
99
50000
6
50000
1
50000
50000
1
50000
2142
7
50001
50000
50000
50001
50000
50001
1
29
1
38
50000
2
2277
7
14
50000
50000
50000
50000
1
12
50000
50000
2
50000
50000
50000
50000
45804
272
50001
263
1719
50000
50001
533
50000
50000
306
50000
112
50000
50000
50000
50000
2
37522
2
10097
33133
50000
192
5003
7
50001
50000
50000
7
50000
7870
9
50000
26
50000
50000
50000
25636
50001
2267
50000
50000
50000
7
50000
406
50000
1798
50001
50000
50000
50000
368
32
50000
32
1354
501
50000
185
50001
50000
50001
50000
3
50000
50000
50000
50000
50000
57
50000
11
50000
25
50000
612
417
50000
50000
12
1
2056
50000
50
50000
50001
50000
13244
41
50000
8562
1
50000
1
37
50000
50000
1
2
10191
50000
1
1
50000
1447
169
50000
1109
50000
50000
50000
32
25
2
50000
50000
50000
50000
22123
3
50000
50000
216
50000
50000
594
1334
50000
50000
26028
16
45
17
50000
50000
24
45
1
50001
1
4146
27
50000
70
1
50000
456
50000
28
1
1132
1327
50000
50000
3869
3475
145
1
1
1030
41667
50000
50000
1530
50000
952
46
4962
50000
1
40
14462
50000
27
3407
2
50000
88
50000
4412
50000
12120
50000
27253
54
50000
50000
1
50000
33881
8401
50000
50000
1912
14
50000
50000
50001
8
50000
36
8
50000
50001
11
3348
50000
184
5477
41207
10
20970
26919
135
1
34
50000
50000
50000
50001
50001
50000
1002
50001
6460
50000
50000
50000
33
50000
50000
2269
50001
1
1308
1
50001
50000
850
37
1052
50000
50000
50000
50001
50000
22016
302
16
50001
12
50000
46
50000
50001
1
50000
7
2161
50000
50001
50000
50000
1
50000
4
2
14
100
50000
2
13692
17656
50000
173
50001
21
1
50000
50000
50000
50001
9
50000
50001
32
50000
50000
1
1
50000
11
6
1
50000
9742
50001
50000
4
50000
112
50000
50000
50001
50000
16
50000
50001
50001
50000
50000
5
6
50000
50000
50000
50001
50001
562
3419
50000
1
50000
50000
245
50001
25
35
50000
50000
1293
50000
1540
856
3
50000
24
12286
50001
50000
1
219
140
2
981
50000
50001
34
50001
7785
2764
50000
67
1
50000
114
50000
1
50000
50000
16
31
94
50001
2
220
274
50000
2201
91
50000
50000
50000
50000
11635
50000
50000
50000
1
50000
50000
49
50000
50001
50001
50000
2
2
50000
50000
50000
11
2
2
50001
17319
7
50000
50000
1
50001
1
42
26
6835
10
50000
934
249
50001
50000
50000
50000
1
50001
3259
50001
17586
50000
1
50000
50000
50000
50000
73
2
2669
50000
50
50000
50001
50001
50000
701
7
50001
4203
33379
50000
96
1
50001
99
50000
50000
57
19302
50000
50000
10
50000
50000
2
50000
50000
123
50000
50000
50000
11
348
2
14924
50000
50001
50001
50000
31976
166
50000
50000
2
18
96
163
50000
50000
1208
1
294
12889
50000
50001
50001
50000
50000
2361
7538
50001
50001
2
2603
50000
110
3899
21
9
41670
35
9
161
262
30
6199
50000
50000
10
50000
50001
50000
50000
50000
50000
232
50001
1
29
50000
50001
50000
30
40
50000
50000
25125
50000
34065
50000
50000
47
50001
50000
110
50000
50001
50000
186
112
50000
22222
50000
1
50000
50001
50000
50000
50001
50001
1
28
50000
32
18
50000
50000
2818
50000
213
50000
2
1185
50000
50000
50000
9
50000
50000
50000
34384
1
50000
47
2
50000
1
50000
50000
2052
1
50000
50000
50000
50000
50000
50001
50000
50000
50000
5
50000
9238
50000
1
50001
50000
50000
26
50000
40
50001
13
50001
7
50000
50000
1
50000
50000
50000
50001
50000
50000
50000
50000
769
5
50000
50000
50000
50001
50000
41
41
30790
50000
1035
9368
50000
50000
50001
32
50001
11398
533
50000
475
1
63
50000
50000
13
50000
50000
45673
50001
50001
2688
2
11
137
4
1
1
20
1
50001
50001
50000
2
50001
129
50000
50000
50000
50000
14
17
50000
50000
50000
8
26
670
50001
18113
66
9041
259
523
1052
1
385
60
649
50000
24669
48
50000
9901
50001
5
1
50000
50000
50000
9
110
50000
50000
24195
9
7417
50000
50001
44
1
50000
27
50000
50000
64
416
50000
50000
50000
50000
386
1
4
50000
49
62
22
50000
1
50000
36
1
50000
50000
10
16
12
3
50001
3
50000
1
50000
2
50000
1951
50001
50000
37
795
3
50000
13329
4
51
50000
50000
358
50001
50000
8881
357
50001
47
50000
5
50001
4
50000
26
50000
1
89
7
50000
50001
1
50001
7997
5024
20166
50000
8
1938
1
2829
39
45738
50000
50000
4
18
1
11
50000
50000
50000
6197
50000
50000
50000
270
50000
2412
6048
456
50000
50000
3364
61
50000
5
4416
4
50000
50000
50000
406
1
38
2326
17
11789
9701
50000
50000
142
26
50000
1
50001
851
19825
50000
50000
50000
50000
50000
34
6
1683
50001
50000
45567
121
40005
1
16379
50000
50000
534
50000
1
6
50000
1
50000
15099
4763
50000
50000
7843
50000
50000
132
50000
50000
21
50000
50000
10946
13277
5132
65
1188
50000
50000
50000
10
5
50000
14
50001
50000
7
50000
50000
42
50001
10225
26
1
50000
50000
190
3365
50000
23586
241
2
73
1170
758
50000
50000
22
82
2
50001
26789
33018
50000
2
19041
50001
50000
50000
50001
20
50001
50000
863
118
50000
50000
5246
60
50000
50000
10
50000
50000
1
50000
6
50000
1403
5769
50000
50000
50000
50001
50000
50001
50001
3
50000
3658
5
1
50000
50000
3
50001
197
12
50000
3374
228
50000
50000
50000
50001
50000
554
788
50000
37
1577
50000
1
50000
50001
50000
4667
7
1
50000
2191
50000
1
4
50000
50001
11741
50000
50000
50000
50000
5207
50000
3349
170
50001
50000
50000
61
50001
50000
32
6
40
52
1
14230
2278
21
50000
50000
50001
1
476
50000
50000
94
50000
470
5864
50000
50001
8
50000
50000
1036
22
50000
50000
26
50000
29956
50000
50000
50000
50000
48
50000
50000
50000
2
38
291
53
1
50001
50000
5347
50000
29
50000
14368
50000
2
458
50000
1
50000
50001
16858
50000
50000
50001
50000
50001
3
50000
652
211
4283
1
50000
13
28
4491
50000
50000
27
50000
12
50000
11
102
50001
10764
50000
50000
50000
84
50000
10
50000
6
50000
376
2963
2
1
270
50000
45572
50000
12235
4338
50000
23459
50000
1582
136
50000
7
80
119
4
50001
37707
50000
50000
50001
50000
190
50000
7085
50000
50000
50000
1
44
2
30
50000
3
50000
50000
50001
50000
13433
24
50001
50000
50000
9287
50000
5
1
50000
50000
50000
50000
1164
50000
50000
203
6
149
6906
50000
50000
1
10
50000
50000
1673
50000
2487
50000
3
8
50000
50000
50001
1108
53
1
50001
28
1
23
1241
6
2
16
50000
1
1
45
50000
1715
50001
50000
33
50000
419
50000
50000
50000
50000
373
50001
50001
50000
995
50000
1
333
50000
35625
2
50000
50000
1555
50000
50000
34
50000
4
50000
50000
50000
11
50001
3692
17220
10
4
14
32518
50000
315
1
6445
50000
50000
50000
24
50000
50001
50000
50000
50000
50000
4
50001
50000
50000
319
50000
50000
2
50000
50001
50000
8
533
2
50000
46491
50000
50000
50001
50001
50000
12121
1
1755
50000
1
2
20
7
40568
284
50000
50000
50000
50000
50000
1
50000
50000
50001
21
50001
50000
50000
454
50000
291
2
2
28
41
3
50001
50000
50000
50001
524
4
50000
13939
60
50000
6125
50001
1
50001
4
2
45439
13
6
5378
1
1
50000
7
41
50000
50000
50000
27882
159
16
50000
50000
369
50000
2390
50001
9
3
50000
50001
50001
50000
50000
50000
691
50
17025
50000
48
50000
2
9467
50000
32
50001
50001
50000
556
50000
1
50000
50000
37
50000
50001
1147
50000
50001
3
25
2
12
50000
50000
50001
50000
14032
50000
3783
9
50000
17963
6434
3118
50000
381
5
50000
50000
28
45
50001
54
50001
50001
7
50000
50000
50000
50000
50000
14
28
25
50000
1
12
50000
50000
50000
1
11
2307
50000
50000
180
11962
50001
50000
50000
1
16
49899
50001
1
50000
50000
50001
23145
50000
50000
31826
2
1
50000
50000
50000
50000
50000
1
50000
50000
50000
50000
32111
50000
2
50000
50000
2044
1
50000
315
50000
50000
50000
14459
50000
1
1
50000
316
50001
14577
50001
2764
50001
1
53
50000
50000
50000
50000
50001
50000
50001
50000
50000
527
50000
2
525
50000
1
50000
42
50001
31431
50001
50000
50001
50000
50000
50001
50000
50000
50000
488
50000
19989
3747
50001
50000
50000
50000
192
50000
50001
7
50000
915
3852
13
1
5
300
10
5
50000
229
50001
108
50000
1
50000
266
50000
50000
1
50000
47382
50000
1
1278
50000
50001
50000
50000
50000
50000
50001
50000
5064
45827
50000
50001
1472
1703
1896
50001
168
153
33612
12092
141
50000
50000
50000
2
50001
1
396
50001
46
11
19
50000
50000
32
50000
50001
50000
50000
46356
5
50000
6852
6244
50000
5115
50000
2
4
50000
1574
12046
50001
50001
1
50000
26036
1808
71
12134
4
22
3042
50000
2320
50001
5
50000
184
50000
4938
21
16893
50000
3437
50000
50000
867
1
140
3
50000
2
50000
50000
50001
40
7102
9511
7886
50000
1
50000
1
50000
50000
2
183
50001
542
6
50000
1
22
50000
23
1640
50001
1
50000
23
50001
293
8445
50000
20
21
50000
50001
50000
50000
1
21
25935
227
50000
1
50000
50001
4411
50000
50000
50000
490
9975
50001
224
2345
3789
20
50000
50000
18240
50000
50000
2
50001
5970
6
2
50000
849
1
1330
50000
50000
18140
3347
1595
1
9
50000
50001
50000
2
50000
50000
50000
50001
13
5500
50000
50000
3117
33
50000
50000
1
1
50000
50001
50000
133
50001
50000
50001
50001
1
1
297
153
50001
50000
50000
6685
4
782
50000
746
50001
50000
50000
1
42301
12
3
50001
617
5
16
77
50000
25
50000
652
143
1
50000
50001
1
29411
11
50000
43
50000
50000
50000
520
14
2
50001
32
50000
1
50000
143
1
50000
31387
50000
93
2
50001
50001
50000
3
4
50000
50001
33
13
50000
3
50000
379
50001
50000
1
50000
3871
3493
50000
50001
1
50000
50000
4
2
50000
16582
50001
4785
274
94
42043
481
50000
4996
50001
50000
471
27554
50000
15
22
50000
11
50000
191
50001
6
127
1
50000
50000
50000
50000
50001
50000
50000
1
50000
50000
1
28017
50000
50000
1
604
85
50000
50000
16
23
3828
28
5619
1
50000
50000
1213
50000
50000
50000
13323
33970
50000
50001
50000
16
113
50000
13604
50000
3
50001
50000
55
50000
1
50001
35106
27
50000
50000
50000
9
50000
50000
50000
141
50000
50000
50001
50000
50000
38780
50001
6
50000
50000
15330
8
50000
10890
14583
6139
50001
176
5
50000
1
6756
3814
1
6
50000
50000
39428
2
50000
32479
20
50000
50001
1
50000
50000
13
1243
2377
50000
265
250
50000
50001
17650
50001
2
33379
50000
50000
1
658
1
13
50000
1
1597
61
30
50000
50001
648
50000
41
50000
89
7
5
362
6
50000
50000
50000
50000
50000
10
50000
1
50000
50000
3781
13902
50001
50000
10
68
2
1
75
245
50000
50001
42
50000
41
4
1606
50000
71
50000
50000
2
50000
24
50000
50000
50000
21
50000
48
50000
2
4
1
50000
7059
50000
50000
50000
44980
31913
50000
1379
50000
50001
1
50000
670
28
50000
4
50001
50000
50001
50000
159
50001
50000
1453
50000
13
43404
25
1304
50000
50000
27
1
50000
50000
50001
50000
50001
56
50000
50000
50000
213
50000
621
50000
50001
50001
333
1
38541
50001
50001
50001
50000
50000
50000
33
50000
210
124
50001
1004
118
50001
89
429
50001
50000
50001
347
8042
195
12
21810
94
2
50001
3904
81
50000
4255
91
39
11
5498
73
5
33672
32216
50001
50000
2297
50000
1
2
50000
31
50000
50000
50000
50001
12871
26393
5
4
38
28
75
13
9
50000
357
125
145
50000
2
50000
50000
50000
37089
217
929
50001
2
50000
50000
50000
50000
50000
50000
1
2697
50000
27032
50000
4
50000
50001
50000
2260
50000
17677
50000
7
50001
50001
1742
69
3793
3652
892
50000
1860
1
39657
50001
2
50000
50000
50001
9
187
1
50000
159
3
10
5
50001
50000
50000
50000
29
50001
50000
472
50000
6
50000
50000
50001
50000
50001
16
50000
1
3
50000
50000
50000
15
50000
46877
1619
18615
3640
40
20
22
7
50000
50000
11
1
50001
50000
50000
7
50001
2021
50000
6629
1
1
1
87
50001
22097
50001
2336
384
50000
50000
92
50000
50001
50000
50001
50001
50000
92
50000
14
195
50000
50000
216
50000
75
7883
50000
50000
1096
50000
345
199
27853
50000
23795
50000
50000
50001
50000
50000
50000
50001
43
50001
50000
50000
50000
50000
48
8
50000
949
12
50000
1
50001
17060
88
1
50001
50000
21
50000
42310
6
50001
50000
7
50000
38875
2
50000
50001
50001
50000
50000
13
50000
50000
48
8
50000
11
97
17744
50000
138
2
50000
50000
5
50000
1
50000
658
50000
1
8
50000
50000
50000
4
50000
530
78
50000
50000
50000
720
50000
1439
1
22
50000
50000
50000
50001
41
50000
1
50001
50001
50001
50000
50000
185
50000
7
50001
836
5093
1
50000
50000
50001
50000
50000
50000
2223
50000
5863
50000
50000
50000
1
50000
22967
9869
50000
50000
50001
50000
67
50000
50000
150
1482
50001
770
50000
50001
50000
50000
50000
1
50000
50000
50000
210
50000
50001
53
50000
50001
50000
50001
50000
50000
50001
50000
35
2
50000
2
13
50000
90
50001
50000
1598
13
17927
50000
50000
174
105
4562
2123
50000
50001
1282
50000
50000
8
6299
1
612
11
94
1
4960
230
1
50000
50001
50000
3
295
1
50001
50000
36
4
50001
50000
266
2
50000
4
50000
50000
50000
201
50000
11
50000
50000
50000
50001
50000
2
50000
2495
50000
50000
50000
71
50000
50000
50001
50000
50000
50001
1146
50000
50001
295
50001
50000
50000
1671
50000
50000
7
18
5017
38685
50000
1
1
50000
50000
50000
3817
50001
1925
50000
115
50001
50001
50000
1
50000
50001
50000
4760
1
50001
1
50000
50000
50000
50001
50001
521
4271
50000
50000
50000
479
242
50000
50000
