50000
6
17
50000
46072
50000
50000
21
271
50000
50000
50001
1
2
7
50000
631
541
1
3
50000
29
50000
50001
50000
50000
50000
50000
50000
1
1
788
50000
208
1
1
5
50000
50000
776
3
50000
50001
50001
6
50000
1
50001
50000
9
104
1
2843
50001
50000
50000
50000
50001
50000
50000
4
50000
4
1
13442
50001
50000
50000
50001
23
4
50000
50000
16042
4
50000
1
50000
3207
50000
50001
50000
8
57
21
50000
12680
24495
1
50000
361
275
50000
50000
50000
27
50000
16
50000
50000
50000
50000
50000
50001
15
50000
50000
1888
50001
22
37849
50000
116
107
77
50001
117
3916
50000
2897
22265
50000
213
4
50000
50000
50000
50001
17
1
6
50000
50000
50001
50000
50000
50001
22075
50001
2
9
50001
50001
50000
50000
133
50000
20
50000
5
221
32
61
50000
50000
4979
50000
50000
6713
50000
50000
50001
50000
14292
50000
50000
50000
50000
50001
73
50000
50000
2
50000
2
1637
50001
50000
50000
50001
189
50000
50000
50000
50000
50001
27
50000
1
50000
158
50000
50000
3
50000
50000
50001
50000
25574
50000
50000
50000
50001
797
1731
9453
50000
1
50000
399
5664
3056
50000
1
50000
14
69
18
50000
39
790
11
1
50001
7
2
50001
50000
13296
50000
4
50000
50000
1
6
50000
50000
50000
124
1
17562
50000
28384
114
5
69
50000
50000
50000
174
3636
50001
6
58
50001
36
50000
50000
50000
66
1
498
50001
50000
50000
50000
50000
50000
1
284
50000
50000
50000
50000
10
50000
12156
4089
4084
13
4
50000
1263
5
366
72
50000
50000
50000
10091
50000
50000
50000
27
2
17885
8
968
50001
50000
204
50000
50000
50001
50000
50001
50001
50000
50000
8
13
5071
2
50000
34751
50000
50000
50000
50001
50000
4
50000
1
283
2
50000
50000
3
50001
5
50000
43
66
1
50000
50000
33
3467
50000
172
50000
9866
50000
50000
35541
21
1476
2
3995
50001
3630
50000
50001
50001
23
22902
845
8
50000
50001
1
30667
50000
6
50000
47
50000
50000
7
50000
50000
3940
26
26865
50000
4172
4
50000
50000
50000
321
50000
50000
60
50001
50000
42
1
50000
2401
50000
50001
428
112
454
50000
50000
3431
50001
78
50000
50000
50000
50000
6027
1
1595
50001
210
5
1
50000
2337
50000
50000
50001
638
50001
50000
50000
2
47
50000
50000
1806
658
9
145
13754
50000
8
50000
50000
50000
2
408
64
84
155
2
50001
50000
5
1
50000
50000
116
50001
2
320
50000
50000
418
50000
50000
102
50000
50000
50000
50000
29243
50000
50000
50000
50001
109
1
50000
50000
50000
50000
50000
50000
50000
50000
1037
50000
2
50001
50000
7
50000
50000
1
2685
1504
18
122
297
50000
50001
50000
73
849
13
4
50000
50000
50000
19891
4
1
3902
1
50000
241
50001
50000
42342
50000
103
237
50000
13
50000
50001
62
142
603
1
615
50000
1751
77
50000
50001
9
679
43
16086
50000
50000
755
6546
2
1
50000
50001
50000
100
45
25017
50000
50000
828
50000
4124
1
50000
50000
50000
50000
50000
50000
50000
50000
50000
50001
50001
848
50000
126
31
50000
50001
1
50000
50001
2
50000
50001
50000
1288
50000
50000
50000
458
31386
50001
50000
248
366
1511
50000
17
7
3
50000
38
50000
23156
50000
23468
992
50000
50000
50001
38
1
50000
50000
50000
1644
6
50000
36301
4
50000
50000
12135
50000
1
50000
110
373
50000
4
1270
50000
2483
285
50000
25
50000
50000
50000
12
1
50000
37
50000
2345
112
50000
50000
54
113
50000
50000
15027
4
23840
50001
3
50000
80
35
49
189
332
50000
50000
1
50000
11
50000
50000
50000
78
48494
50000
253
50000
3
50000
638
50000
50001
3957
50000
3
50000
11014
226
2400
5502
13
4
50000
50000
50000
50000
50000
548
59
7041
50000
50000
36
50000
6461
16288
50000
50000
50000
599
3
1
1
50001
15
50000
50000
1975
50000
18
50000
50000
2
50000
50000
50000
50000
17
403
50000
50000
4
13039
103
50000
50001
50000
1
13758
36
2
50000
50000
50000
50000
656
7092
106
50001
50001
20149
50000
50000
45
11
43272
120
50000
18
1
50000
551
2
684
608
50000
27
2
29
50000
28
50000
50000
99
746
50000
50000
11687
2
1
50001
61
47
97
50000
50001
1
1
50000
163
50001
377
360
49
9
50001
50000
670
10
1
50000
50000
50000
50000
50000
50000
50000
50001
1
50000
50000
1
50000
50000
50000
9044
50001
1463
50001
50000
1
50000
50000
50000
50000
2052
50000
3361
4482
50000
50000
50000
6
59
50000
9
42002
50000
467
50001
21
50001
50000
23
46701
258
4
1
54
1
50001
1
50001
4
50000
50000
11332
23362
50001
3
22484
727
50000
2
1
26844
50001
82
50000
50000
50000
50000
50000
3
50000
4599
50000
1813
50000
50001
3
50000
130
50000
2
50000
1
53
1
1686
105
50000
17
50000
3
50000
4
50000
50001
50000
50000
50000
50001
50001
7745
50000
1
895
1
50000
50001
1
757
1176
36
498
79
50000
50000
50000
50000
2
50000
50000
50000
50000
2468
50000
539
50000
1
50000
2
50000
50000
50000
50000
69
2
1
103
7
149
50001
50000
4
50001
79
50001
50000
50001
3239
6
4
166
3
71
50000
50000
1
4104
6075
50000
50000
5365
558
50000
1
50000
50001
829
50000
50001
21385
50000
50000
50000
106
3135
50000
50001
50001
50001
50000
50000
6
1
50000
6
14554
26
4
19
50000
50000
50000
31
50001
50001
4
50000
88
27
50000
18551
35
50001
50000
1
50000
1
1
14
50000
1
50001
50000
50001
119
50000
50000
4
50000
50000
50000
50000
46405
50000
50000
385
41752
50000
2180
1
50000
50001
50000
120
1653
3309
50001
115
50000
50000
32
50001
50000
50000
50000
50000
50001
50001
50000
50000
50000
50001
50000
50000
50000
50001
50000
50000
2952
10
35032
50000
50000
50000
441
1530
50000
18
50000
1670
50001
963
25
1
50001
50000
50000
50000
990
3
50001
2699
50000
23270
13
50000
9
50001
50000
50000
50
879
8287
50001
50001
1
29
50000
22
50001
35
50000
305
2
1
375
50000
50000
19
1
50000
184
133
10
50000
50001
50000
50000
50000
31774
1120
2
50000
18
50000
20904
50000
50000
50001
50001
3
50000
50001
50000
50000
50000
50000
6
1089
50001
2423
50001
50001
37812
50000
50000
13586
50001
29
50000
1
50000
96
50001
50000
209
50000
475
8
4122
50000
1
3690
50000
50001
12245
1
50000
36
50001
3440
48
50001
4986
1
50001
50001
9696
50000
50000
50000
50000
78
180
50001
3
6965
93
50001
50000
3734
194
294
1
17
1866
62
50000
50000
50000
50001
50000
326
50000
50001
50000
9481
50000
50001
50000
50000
50000
1
1
728
1
50000
50000
50000
50000
50000
50000
50000
26
23
632
50000
50001
50000
50000
50000
50000
50000
50000
50000
50000
50001
5331
50000
2
50000
31
1
5
50001
50000
50000
14
50000
50000
50000
2
1
50000
50000
50000
2
50000
50000
2
9489
19
50001
50001
24085
3
5109
50000
50000
7127
427
286
50000
50000
2035
1
50000
50000
50000
1457
50001
188
4
493
14848
5256
3954
50001
67
1
65
17
50000
50000
274
50000
14689
50001
50000
50000
50000
50000
50000
50001
50000
370
50000
1
1854
50000
50000
50000
74
68
94
50000
10
50000
8
50001
50000
67
2863
5
11
50000
50000
25
50000
3122
50001
1
50000
7
50000
12952
4
50000
17177
1
1
344
1
50000
2
2920
7
50000
50000
29
228
3118
50001
50001
32
17
50000
27
50000
50001
4
9455
50001
50000
50000
1
227
50000
50000
50000
1019
15585
50000
3
3683
48
86
50000
50000
24
50001
2
50000
50000
50000
442
28802
13844
2143
3120
3
100
47406
25173
13
50000
1
50000
2
50000
50000
50000
94
1
50000
1
50000
8339
73
50000
50000
50000
50000
50000
157
9303
50001
3
1
50000
50000
50000
50001
3623
50001
1769
50000
50000
50000
85
50001
50000
50001
50000
50000
2
50000
86
50000
2
11
50000
1
50000
50000
29018
50000
50000
50000
1
1128
50000
10663
1
50000
50000
50001
348
50000
131
50001
50000
50001
14
6
1
50000
50001
50000
33483
4152
17
50000
50000
50001
50000
50000
1357
5
1
42409
1077
50000
50000
50000
50000
50000
21669
1
2
753
7
50000
5
50000
4589
15029
50000
907
50000
50000
50001
50000
50000
50000
4
50000
50001
50000
50000
13
50000
11210
1
3997
50000
50000
50001
50000
50000
50000
50000
2194
13372
20
13
50001
510
20973
50000
290
59
50000
50000
3
50001
50000
2
50000
50000
1
50000
50001
50000
6
1
50000
137
9
50000
1
1
86
50000
50000
50001
50000
5
37
7
205
11
83
50000
543
50000
50000
4
36
6
50000
50000
50000
22
9
50001
50001
50000
50000
50000
1
1
50001
20
1
50000
50000
50000
50000
25
50001
50000
50000
1903
35
50000
10
353
50000
36
50000
50000
50001
50001
337
21
50000
50000
58
50001
50001
50001
50000
50000
425
50000
50000
104
8376
372
50001
19696
22
50000
6
50001
50000
50000
2
50000
50000
50000
1
8746
737
50000
50000
615
236
50001
50000
1713
50001
12
50000
174
3
50001
50000
50000
1
50000
1
18
10400
50000
1
50001
1
22
50000
50001
13868
50000
2165
50000
168
50000
1
2
11967
1
2
50001
28
1
764
50000
4547
71
50000
50000
50000
50000
50001
1
6
19
50000
50000
50001
50000
50000
50000
15
5
50000
50000
50000
4
7
45
50000
191
50001
1
38527
50000
50001
50000
4
50001
50000
50000
11175
57
97
22
50001
50000
635
1354
35796
50000
50000
50000
8
50000
50000
50000
50000
50000
50000
50001
158
1
50000
9663
5
46
5
50000
4429
50000
183
4
3
50000
14009
50000
1
2205
50000
1639
1
50000
184
50001
50000
50000
50001
72
50001
2
5766
50000
4
50000
50000
1
1
50000
50000
2
50000
50000
20
1
1
50000
50000
2839
1
50000
2
19733
50001
50001
58
19
1191
50000
20
4460
30
4511
50000
50000
50000
50000
2208
50001
50001
1167
50000
46
50000
72
2
50001
65
50000
50000
25
4549
50000
247
50000
50000
50000
19947
50001
70
50000
50000
50000
5
50000
50000
1217
5267
50000
12
50000
3930
50000
28
4
50000
50000
458
50000
50000
5173
3214
1
1
50000
1
50000
1
67
12
17674
50001
5123
50001
2025
41
455
8
50000
50000
50000
50000
50001
50000
25
1
50001
1358
50000
50000
31
1
50000
50000
2184
933
23
50000
5
2
2102
377
50000
50001
50000
50000
2
2
3
50001
50000
5
126
603
50000
50000
1
1708
50000
547
1
2
50000
50000
50000
31
50000
1
2189
3
50000
2307
44050
50000
50000
50001
50000
231
18
3282
50000
50000
23
93
50000
13
5
50000
4
236
21
44
50000
50000
4
50000
4469
50000
1
50000
50000
50000
10
50001
2460
50000
50000
50000
1849
112
50000
50000
50000
50000
50001
5480
50000
3462
3
50000
50000
1
4
47326
163
50000
50000
297
393
7574
50000
50000
50000
50001
1
50000
50000
50000
4
202
26278
22
503
50000
38930
50000
50000
9
50000
225
1
50001
50000
898
19
103
1507
50000
276
6
50000
1
50000
50000
2
98
50000
156
50001
50001
2
104
50000
50000
359
1815
1456
50001
1328
2
191
521
50000
50000
17
11426
50000
50000
50000
50000
14
4
162
50001
50000
50000
50000
50001
50
50000
2425
50000
50000
5
2805
50001
88
40818
343
50000
175
50000
186
50001
50000
50000
50000
249
50001
50000
1
1
9
50000
2
12
260
7453
50000
6
6595
50001
50000
16
13
16
7
489
50001
50000
50000
50000
153
50000
686
50000
524
3554
50000
50000
50001
50000
158
1
50000
38561
50000
50000
50000
50001
50000
50000
50000
50001
50000
50000
697
50001
50000
38
252
218
50000
1239
7
50000
50000
50000
50000
419
9352
50000
47
50001
1
50000
21
13
50000
50001
50000
1
23879
8
1
50001
50000
1
37
50000
50000
50000
50000
50000
9
23924
21057
50001
4055
50000
50000
50001
50000
287
6200
50001
50000
50001
58
2
50000
7929
4772
50000
19
4
50000
50001
2423
50000
50001
50000
4
50001
337
2120
50000
50000
6
50000
160
50001
50001
1
111
50000
50001
42
50000
8634
50000
36777
50001
50001
50000
50001
4568
50000
50001
14032
50000
3135
50001
50000
1
50000
146
9
50000
480
50001
50001
50000
50000
50000
50000
30
50000
2
4030
50000
1
5646
2
4
50000
5574
16
29376
1
50000
50000
50001
1132
50000
50001
50000
12334
5510
1
50000
50001
50000
2831
50000
50001
50001
50000
411
298
1
50000
50001
50000
1
50000
13416
68
50000
1
50001
124
50000
2179
7
7
50001
50000
50000
50001
182
5
197
2072
50000
480
50000
67
15670
5
1
50001
50001
17282
2245
2447
1
22119
14
50000
1
50000
50000
50000
2427
10089
2438
50001
50000
11
14
50000
50001
50000
706
19214
1
50000
4017
50001
50001
50001
978
50000
18
50001
50001
6851
50001
50001
50000
50001
50000
21032
8
50000
50000
1
6
50000
50000
50000
3
3523
2
25927
50000
9
50000
14
1
1
50000
50001
50000
50000
50000
50000
971
1
50000
49296
35
50001
50000
22
17796
108
50001
17
6
50001
248
50000
2
50000
26258
1
46
50000
50000
50000
1
50000
50000
320
6
2
459
4
50001
171
50000
3
50000
50000
50000
12
1
50000
14
50000
50000
50000
50001
192
17
1244
1
28657
5
50000
50000
1
3014
50000
50001
16761
14
50000
50001
8736
2
50000
50001
11
50000
323
1072
98
50000
50000
50001
50001
8
1
50000
50000
1
50000
15273
50000
6712
671
50001
1387
50000
16096
220
436
61
57
50000
50000
50001
50000
1439
36
219
50000
50001
13
50000
50001
8088
50000
50000
11696
50000
50000
50000
50000
50000
50000
45
50001
35
1
50000
50000
1044
50001
50000
231
50000
78
26
50000
228
259
1571
50000
50001
50000
1
42557
50000
365
50001
50001
2
50001
50001
15
50001
50000
23343
50000
50001
49
139
1
50000
50000
50000
70
50000
1180
50000
32613
4
1
50000
2803
50000
1
50000
1
50000
50001
1532
11
86
50000
522
50000
50000
18
232
50000
7607
1
1282
50001
27
23
50000
1366
50000
50001
1
50001
5
50000
208
50000
50000
8
5706
50000
5
50001
50001
86
50000
50000
7
1563
50000
50000
26719
1
1047
13
50000
50000
5
1092
50001
5539
4
50001
100
754
13
50000
50000
50001
642
50000
1
50000
50000
50000
50000
338
50000
32540
1
42
15
1
24940
10715
50000
1
101
50000
50000
4
50000
1
50000
94
50000
1
6884
50000
4
50001
50000
50000
50001
50000
16906
4134
31783
1
1
8795
48294
2
17811
50000
1734
43
46
50000
23
1851
1
2973
50000
1
1025
50001
1
171
50001
1715
3
50000
2
50000
6019
1
50000
50000
50001
34
50001
50001
4855
477
4
18
50000
50001
50000
1
243
50001
3392
50000
3
2
31714
1
7
50001
1033
50000
1
50000
249
50001
50000
50000
3
50000
2932
49
4045
50000
20585
843
50000
1
90
50000
3
1
11
27
1
50001
50000
69
127
111
453
50000
23
4
5844
214
2
3600
498
50000
50000
1
2
50000
11
1
1491
21794
50000
55
50000
4
4
50000
3
50001
50000
50001
35207
50000
50000
43
50000
4
50000
2
50000
1897
50000
69
4694
50000
151
1074
50001
24784
50001
50001
5
116
50000
50000
50000
50001
40
50000
50000
50000
50000
50000
171
5
50000
50001
39513
50000
50000
50000
1
94
50000
100
325
38
39
50000
50001
50000
50000
50001
50001
50000
50001
97
3897
10
959
50000
50000
50000
50000
8490
6372
50001
50001
50000
1800
23
50000
2
50000
24
50001
50000
50000
50000
50000
50000
2
50001
50001
50000
8
50000
9774
3
50001
8
50000
15065
50000
50000
15
592
220
50000
16
164
1398
50001
50000
50000
30
21
50000
195
50000
50000
1042
35
1458
1
4125
50000
50000
50000
50001
118
2
50000
131
50000
50001
50000
50000
29415
50001
1
142
50001
50000
5425
50000
31078
1
50001
178
48
50000
1
50000
28
110
50000
1
88
17
50000
50000
28
50000
13
50000
50000
50000
50000
50000
2332
50001
50000
50000
50000
732
50000
12
322
432
307
50001
50000
50000
50000
50000
127
7
50000
50000
50000
50000
1
2
50001
2210
3
50000
3
16
61
6
50000
50000
2
2
107
2
50000
50000
3266
50000
5
50000
691
133
233
15
50000
50000
50000
975
656
56
50000
50000
10147
53
50000
50001
10847
718
50000
1
19
50000
50001
46
1
314
29
1
1201
50000
1
50001
50001
50001
50000
1040
21
1
50001
50000
3
50000
2872
2617
8
8
50000
50000
50000
50000
1
25
603
50000
703
50000
1
50001
313
50000
50000
50000
50000
1
3
41
22
50000
42031
50000
50000
3
50000
50000
50000
50000
9
6125
50000
1
50000
350
4
245
237
50001
4833
50000
50000
1
45
3203
50001
2895
1633
50001
18674
50000
1
50000
50000
50000
53
22774
2631
50000
50000
50000
50001
727
2075
8574
50000
310
50001
50000
50000
3
50000
50000
50001
50000
50000
663
19
50000
50000
3
50000
1
2
50000
8358
50000
50000
24
50000
25
50000
50000
88
169
50000
50000
50000
50000
50000
177
50000
50001
50000
143
642
2
50001
50000
50000
50000
1
50000
419
50001
16363
50000
1
50000
50001
12
18
50000
50000
50000
50000
68
50000
50001
50000
18301
1
2336
139
4187
44631
586
50000
29001
3
50000
1
889
50001
50000
2
50000
50000
50000
988
50001
3
1347
50001
68
50000
50000
50000
899
50000
17
2872
50000
50000
50000
5
80
50000
50001
50000
50001
149
50000
50001
3031
50000
50001
40
106
50000
38
387
50000
310
50001
328
1
50001
50000
50000
50000
50001
50000
50001
50000
9842
11
50000
11
50000
50000
1
50000
1
50000
2357
298
66
3849
179
20232
36
230
50000
50000
12
24
6
1
50001
50001
219
50000
50000
249
50001
50000
50000
50000
50000
46
50001
50000
47
53
50000
370
50000
299
1042
50000
50000
50001
3097
50000
2906
50000
2
2
1
50000
1789
697
50000
19725
1
50000
50000
50000
50000
8001
50000
73
50001
50000
1
3855
1637
35
4287
873
50001
50001
7
10
50000
2813
20935
50000
50000
50001
50001
50000
1079
50000
52
2
50001
50000
2
50000
50000
50001
50000
50001
50000
50000
50000
1
613
3
50001
50000
50000
50000
50000
3
153
50000
30
50000
50000
50000
50000
961
16
10
4810
50000
50000
11279
50000
50000
4
50001
1120
50000
50000
3
50000
50000
50000
610
300
50000
50000
50000
9291
31630
5712
30728
29
50001
50000
281
4547
4
50000
1
50000
50000
50000
4
1
50001
2
20
50000
14940
5
9306
1
165
11
50000
50001
4
538
50000
1
50000
2
7
1
50000
50000
57
50000
100
50000
50000
50000
50001
344
48
2010
50000
50000
50000
50000
50000
12
50000
836
18291
50000
50000
50000
50001
548
50000
50000
50001
1
50000
27640
50001
50000
50000
50001
50000
50001
30
44821
50000
50001
20421
37
50000
50000
50000
1
50000
101
19
24
50001
50000
3
4425
96
50000
50001
50000
50000
22770
50000
2
354
50000
50001
154
50000
50000
50000
5886
8
50000
22627
1
50001
21
17
50001
50000
2606
50001
50001
4964
50000
50000
34
50000
50001
3
50000
263
27181
50000
50001
50000
303
50001
31869
1
50001
50000
50000
50000
269
50001
50000
128
5716
15290
50001
6
91
11
52
50000
189
50000
75
6
12347
23744
50000
2
13801
244
50000
50000
50000
11858
50001
50001
50001
1
1
50000
241
3013
50000
50000
50000
50000
38
50000
3
50000
19
50000
1
167
50000
50001
14
50001
1
17727
50000
7
50001
3755
50000
7
1
2
50000
50001
50000
50000
50000
50001
50001
50000
50000
14
1238
50000
50000
50001
1
3
50000
3157
50000
50000
44
181
50000
99
50000
50000
1
1026
814
36865
1
1
7
15961
50000
50000
50000
50000
16
50001
5
1
50000
4738
106
50000
50001
50000
105
4476
2
35
14
16716
50000
50001
362
85
130
50000
50001
50000
2
50000
1
50001
50000
50000
50000
50000
13502
4751
4389
221
50000
34117
50000
50001
151
50000
50000
9
2690
50000
4
50000
50000
2
1
50000
5959
50000
321
50000
50000
50001
50000
50000
50000
640
50000
23
50000
50000
50000
21030
3
1
50000
50000
50000
10
50000
2
7280
50001
50000
8
50000
1
1345
50001
50000
50000
953
1
761
1
4
50001
50000
1
1377
3870
5028
50001
50000
1509
50000
1
432
50000
50000
4868
50000
50000
50001
50000
50000
85
50000
50000
50001
50001
35947
50000
18
135
6
1
50001
50001
50000
1
50000
5
4164
50000
50000
50000
81
11267
41
354
50000
7
1
50000
50000
14156
118
50000
70
50000
50000
20362
50000
23
1
50000
50000
50001
50000
50000
50000
50000
1
50001
1
3
546
50000
1
50000
6
50000
50001
50000
4
39
50000
50000
50000
53
50001
50000
12
50000
50000
50000
1075
50000
91
421
4
1
50000
1516
13903
50000
33697
50001
1
2711
6372
104
1677
50001
50000
50000
50000
6
50000
50001
1986
50000
50000
38927
3630
50000
6
1
106
2
14
50000
36452
50001
50000
2
50000
50000
50000
2462
50000
27
75
50000
5567
33
2
50000
3
50000
50000
6
42
449
50000
1977
17288
7563
50000
50000
50000
50000
50000
2716
38
19
50000
302
37
50000
50000
50000
50000
27682
10326
50000
50000
50000
2
50000
2083
36
50000
50000
64
1666
210
1
8
50000
50001
50000
50000
2
50000
2743
1121
432
50000
50000
50000
50001
50000
2
3
13
6
34011
2
50000
50000
50000
26
1
49857
50000
50001
50000
34
50000
50000
50000
1622
50000
121
142
50000
50001
50000
5
11
50000
1
1
50001
44
50000
2
50000
46
50001
50000
6
50001
50000
50000
6
14
50000
1
50000
13926
50000
43
50000
50001
281
28
50001
50001
50000
50000
174
50001
50000
1743
3
50000
50000
114
1
433
50000
6
50000
1
50001
49
50000
3252
12
34
50000
517
50000
50000
50000
50000
50000
9
50000
17474
50000
50001
10
21
50000
50000
50000
50000
50000
50000
50001
50001
32
160
50000
50000
1
568
6577
50000
50000
50000
1
50000
466
50000
93
1680
1668
50000
50000
1231
1563
50000
50001
1051
50000
50001
50000
3534
47130
91
6
50001
8
86
3
39
50001
50000
50000
50000
50000
5963
50000
13
124
50001
50000
5
50001
483
50000
4
50001
50000
50000
50000
50000
50000
8
253
16
50000
465
2
22
2
50000
50000
50000
50001
50000
196
1
50000
50000
50000
6
50000
50000
15
50000
1
50000
4
28
33431
1
2
7
299
50000
50001
50000
50000
50000
17659
50001
50000
50000
4744
6
6546
886
3
90
50000
50000
50000
5
1
50000
9
55
3
14
17
4294
50001
50000
103
58
50000
50000
50001
2474
50000
1
50000
50000
50000
50000
50000
50000
50000
50001
2
50001
50001
880
15508
50000
16
50000
3344
50001
50001
4384
2094
88
50000
107
50000
50000
50000
50000
50000
63
50000
1110
50000
50
50001
50001
50000
754
50000
23116
50001
142
50000
50000
50001
50000
50001
5
13805
9929
50001
50000
6318
50000
50001
50001
33
50000
50000
50000
50000
50000
50001
343
692
286
12
50001
50000
50000
10
50000
50000
50000
13564
245
35
50001
50000
50000
40076
50000
1
4974
22
50000
4396
1383
5047
50000
50000
50000
497
50000
10
50000
989
3
14459
1
13
559
2062
3642
50000
50000
50000
1453
6235
50000
50000
4
256
50000
5
50000
50000
50000
39664
1682
50000
50001
1
50000
14
664
6028
2317
708
235
50000
2811
50000
115
92
62
2
50000
7222
50001
245
1
1
50000
2
21
3
7
6
12
35534
50001
44
4
50001
36
50000
246
1
4
50000
2
9
50000
83
50001
50000
1
50001
50000
1
1
6
50000
50000
50001
50000
50000
50000
50001
26
50000
2018
50000
50000
4
50000
13199
225
2
23
50000
950
50000
1
50000
19
8296
848
50001
28
24971
1393
50000
50000
50000
50000
50000
50000
168
2672
600
50001
2
7
50000
50001
4
50001
2657
136
50000
1
3
50000
50000
15
50000
1
50001
50001
2
50000
13
50001
50000
50001
50000
5
4
50001
50000
43
50000
252
11
50001
1
12766
13358
50000
50000
50000
2
50000
50000
3874
50000
343
3
50000
4
469
50000
7833
50000
50000
50001
50000
50000
460
7712
50000
9
2609
13
12208
472
50000
50000
50001
2
50000
50000
22392
50001
11
50000
50000
50000
2
1
50000
50000
50000
1
1
50001
29586
50000
49369
50000
33791
10689
1
50000
1
22857
50000
235
50000
50000
9539
50000
50000
4
50000
227
50000
50000
10401
17924
50000
7951
50001
1170
50000
50000
50000
663
50000
50000
3
50001
7030
16
223
50000
50000
21
11312
14868
1
50000
50001
184
50000
50000
1038
3
31656
43391
50000
50000
50001
1
50000
9
50001
50000
50000
23791
37267
50000
50001
1
50000
50000
50000
50000
6776
50000
42955
3
50001
4676
50001
50000
22
34
7
50000
134
50000
4841
50001
50000
12
50001
50000
50000
50000
43541
7919
50000
2777
1
50000
569
5
14
61
4
4053
2891
423
13
50001
50000
50000
50000
3
50001
50000
50001
50000
50000
4
50000
50000
50000
50000
1
5
153
50000
35763
2839
373
50000
50001
50000
719
50000
50000
12
91
3
50001
50000
50001
50000
50001
24645
145
50001
50001
50000
50000
21983
50001
50000
388
10
64
50000
50000
50001
50000
1
8
50000
50000
50000
50001
1
50000
50000
419
50000
50000
50001
50001
1
50000
8165
88
2
1
50000
1
50001
31
50000
50000
50000
50000
50000
1176
50000
5496
5770
1
50000
50000
40782
1
422
50001
50000
32
24930
50001
4777
50000
50001
15
28
50000
113
50000
10663
50000
50001
4
5811
2
78
412
1
50000
50000
143
50000
50000
835
50001
26
50001
286
1
50000
234
50001
3
50001
50000
50001
9549
37
50000
641
22
50000
341
5
50001
50000
2
19
1928
50000
50000
50000
50000
43
50001
5887
50000
50000
50000
50000
1
50000
50000
50000
50001
50001
1
50000
50000
50000
294
3654
15688
50000
14
50000
50000
50001
159
236
1
50001
66
50000
5785
50000
50000
251
50000
1
50000
2
50000
46996
453
8
50001
50000
50001
50001
50000
50001
50000
843
1
50000
40
50000
30167
16098
50001
1108
23629
50000
14
16
8995
20799
21188
1
3616
50001
11
50000
15
50000
50000
50001
50001
69
759
20384
26
1
42234
7
49444
50000
787
50000
3227
49
50000
50000
14
50001
1034
13
50001
50000
50001
50000
197
50000
50000
8457
50000
50000
7440
50001
6389
50000
50000
31
1
9
228
50001
1
16
50000
50000
50001
193
18
3
380
50000
11152
1
50000
626
50000
6
50000
106
50000
2
50000
50000
50001
6327
50000
50000
50000
50000
1
50000
1
50000
50000
50000
50000
50000
19
1
50000
50000
21
50001
50000
13303
20721
1724
1
50000
50000
50001
50000
4
26
50000
28500
27
50000
39
1
50000
2861
50000
1
50000
50001
43
84
50001
4290
50000
50000
50000
1049
1
1145
1
50000
50001
50001
50001
17506
50000
20247
50000
408
643
50001
50000
50000
50000
50000
50001
50001
4
3228
50000
1
11314
50000
50001
3
7
50000
50001
50001
32448
3245
1
1
15
49
65
47
6033
50000
50001
50000
80
50000
11
50000
50000
1
1
1
99
50000
50
15
50001
50000
50000
50000
1
28037
45561
50000
16
1
311
1
50000
50000
50000
46
50000
50000
50000
50000
50001
50000
50001
136
50000
50000
50000
50001
50000
50001
9
50000
50001
50000
50000
50000
6
50001
50000
2
50000
815
50000
1
11025
786
50001
1
50000
50001
18780
50000
50000
78
50000
50000
50001
739
50001
15194
50000
50000
1
50001
50001
1
127
5517
28
50000
50001
927
6
3625
50000
50001
2853
50000
50000
1
50000
50000
50000
55
50001
364
50000
337
506
50000
2
1
50001
50000
14
50001
1
1
1994
50000
50001
44
50000
50000
38869
3
50000
4148
50000
50000
15
50001
138
50001
50000
50001
12
133
50000
24
2
7
790
9222
2
50000
27751
50000
16
50000
50001
920
50000
50000
50000
50000
836
50000
50001
50000
177
50001
50000
8
50000
3
1
50000
1805
39798
362
50000
50000
50000
50000
213
50000
423
26
1
50000
50000
50000
50000
176
50000
50000
50000
50000
239
50000
50001
50000
8726
117
50000
4
50000
50001
50001
6
22258
50000
50000
6630
50000
30
50000
50000
50001
50001
100
4
51
1326
50001
1
1
1
50001
50001
50000
6514
50000
50000
1
1
50001
50000
50000
50000
11
3
220
1
3
85
242
100
57
1
50000
3
50000
50000
1
164
1
9
5
218
50001
4
8631
2
50001
50000
454
50000
50000
50000
1
50000
50000
50000
50000
29456
2
50000
17
50001
50000
50000
50000
1
3
50000
50000
149
50000
50000
603
50000
35514
24
50001
50000
50000
263
50000
50000
1311
5
50000
323
50001
50000
50001
50000
1331
50000
50000
2
8
139
25
2
50001
50001
364
50000
50000
286
16320
71
50001
50001
50000
50000
50001
5779
50000
50000
7
50000
50000
50000
50000
1293
50000
50000
157
18221
50000
50001
4375
50000
50000
50001
4
50000
50001
50001
321
1
50000
50000
50000
24
55
50001
787
50000
50001
2
8857
50000
50000
22
3
50000
50000
50000
50000
29
50001
14
50000
50000
50000
16589
50000
50001
50001
50001
50000
15
2343
44435
50000
50000
50000
50000
705
50000
6
50000
1
50000
124
7
50000
50000
50000
19
50000
50000
7
50000
50000
84
50001
50000
50001
50000
476
50000
50000
35513
50000
19349
50000
50000
82
213
103
124
19377
50000
50000
2
4
50000
2
50000
50000
33
50000
50001
50000
50000
50000
50001
50000
50000
27
588
50000
3984
118
50001
18
50000
1
50000
50000
50000
50001
12775
50001
50001
1
43800
34
1
970
50001
1
15
50000
8263
14549
19
50000
50000
3593
50000
10
3244
50000
50000
50001
50000
50000
50000
50000
10871
50000
50001
50000
181
50000
1
50000
50001
50000
2308
4276
1630
13
50000
50000
50000
50000
1
50001
50000
50000
50000
50000
50000
50001
50001
2
1
50000
50000
9
50001
687
50000
50001
58
50000
1317
5
3
50000
50000
99
17367
27017
50000
50000
50000
50001
9808
1
50000
34126
1550
2028
50000
4
13
50000
50000
50000
50001
16
50000
50001
50001
7035
6338
50000
1
50000
2268
3716
50001
50000
17220
50000
2
1
50001
50000
13950
23
50000
2497
48
179
2
1
44810
598
50000
50000
50000
1
116
50000
185
50001
2
50000
50001
58
50000
1227
121
50001
50000
32
9
50000
437
77
356
14079
48488
6434
6433
50000
50001
1008
50000
50000
50000
50000
440
50000
1
1342
50000
50000
37321
89
48590
1337
50001
50000
15
11
2403
50000
16
50001
50000
50000
12
50000
824
50000
50000
50000
50000
50000
50001
11
266
142
3072
50000
50000
17621
2
50000
556
17918
19
50000
50000
6
50000
50000
1
95
1
50000
50001
50000
50001
1
50000
1
2645
50000
50001
33180
50001
2
227
50000
2
34
50000
15
1
382
50000
2827
50000
50000
50001
311
50000
50000
50000
1
487
8
4
97
50000
76
50000
454
50000
50000
3591
308
50001
2
50000
50000
50000
50000
20932
50000
42
12255
50000
317
205
50000
2
25143
620
50000
1
6
1
50000
50000
5360
50000
1
4
10780
195
1
124
1196
50000
50000
637
50000
50000
1
50000
33
50000
50000
50000
50000
24349
50001
12597
5
4
18
10007
23574
50000
50000
50000
17240
2362
3051
50000
82
50000
50000
3007
21858
50001
147
50000
5
50000
50000
50000
50001
17
50000
1950
50001
50000
50001
17
26
1
50001
50000
50000
50000
50001
75
50000
50001
50000
1
255
1
50000
50000
136
2661
140
327
50000
75
19
50000
50000
50001
50000
50000
18
6
50000
50000
50000
1
295
1
18
40
5
50001
50000
810
50000
50000
50000
50001
50000
50000
3873
41607
15697
50001
50001
21
10416
50000
50000
14
50001
1
50000
50001
50001
50000
14
50001
50001
50000
1
2
50000
277
50000
50000
50000
50000
91
4422
2
50000
50000
50000
50000
50001
1036
50000
50000
1
31
1
50001
4964
50000
2118
1
849
50001
10
1940
50000
50000
50000
2923
50000
901
50001
50000
151
50000
50001
1895
3
50000
17
7325
122
5
50000
54
50000
50001
7
50000
129
50000
1
12506
50000
10
50000
50000
4514
150
48116
50000
10971
50000
1
50000
50000
8
50000
50000
50000
39585
50000
13168
566
24
17234
50001
95
50000
50000
50000
4606
14361
27
522
50000
2
50000
18
1
79
1451
965
217
13
46
1
3177
50001
11
50000
50000
50001
50000
888
50000
50000
7
50000
50000
50000
29409
5
22
1
48
20035
1
50000
50001
50001
50000
50000
50000
50000
2
50000
4
50000
5771
50001
50000
14
50001
12
50000
50000
50000
236
50001
50000
50001
50001
2389
2
50000
50000
1
50000
50000
14280
3
85
50000
50000
1
50000
50001
1
5
50000
38
2622
50000
50000
5934
5
49069
50000
50001
50000
50000
50000
50001
50001
50000
1031
48768
50000
1
5057
50001
50001
427
50000
160
5
50000
5
50000
1
8665
50001
50001
41
236
5
457
2
50000
50000
172
2294
238
50000
9
1
50000
50000
50000
50000
1049
2478
50000
9447
568
3
8
50000
50001
50000
50000
50000
50000
50000
50000
2
4859
742
50000
50000
50000
50000
50001
50000
50000
50000
50000
50000
50000
2
50000
50000
836
2
31
3
50000
128
8
50000
50001
20
5884
97
1
30212
50000
50000
50000
1
970
108
50000
50001
50001
134
8558
1125
50001
50001
50000
50000
50001
50000
50001
50000
5
37
856
208
50000
4725
50001
6
50001
50000
709
359
50000
192
50000
50000
50001
98
50001
2357
50001
50000
50000
50000
7
50000
50001
87
50000
50000
3
50000
8401
2
50000
14
615
50000
50000
3047
50000
50000
50001
1
50001
50000
50000
2
50000
17838
1
321
1157
50001
50000
3348
50000
50000
2204
50000
50001
1273
11049
50000
1
7762
4
50000
50000
230
50000
50000
50000
4
50001
50000
50001
3
705
50000
745
50001
1
43
50000
50000
13648
50000
50000
50000
2
63
50000
20515
50001
50000
50001
1
825
50000
290
344
24673
36
6
18
44685
50000
50000
50000
1
50000
50000
50000
10
50000
50000
7
86
6
50000
50000
50000
18
50000
50001
16
50000
50000
50000
1
21
50001
50001
50000
50001
1
2
14650
11
50000
50001
73
2
50000
50001
130
13851
871
50000
50000
50001
50000
50000
50001
397
1095
30
110
50001
50000
50001
2
149
34
50000
50000
753
50000
10
50000
1922
50000
50000
50000
50000
2
50000
50001
50000
50000
50001
50000
3180
1524
12593
50000
50001
50001
124
50000
50000
50000
2434
50000
50001
8
1
50000
50000
7
63
1551
50001
440
50000
73
1552
15
1
50000
50000
3454
50000
13
358
11346
1
50000
50000
50000
50000
50000
38884
23708
1812
50001
50000
1
50001
50001
3236
50000
50000
40494
12
50000
50001
50000
50000
50000
50000
50001
12541
50001
3529
50000
50000
8408
280
50000
50000
50000
50000
50000
50000
1
6
50000
50000
50001
50000
50000
50000
34261
50000
1845
50000
25134
8
50001
50000
19635
50000
50000
466
49186
50001
50000
48274
8
50000
2
50000
50001
50000
50000
455
2210
1335
1
1463
50000
2
50001
1
50001
50001
2
50000
1
50000
50000
50001
50000
50000
50000
1964
17
2409
6263
924
50000
611
50001
50000
50001
50000
16
50001
10
4
50000
50000
1
1
1377
1
50000
30
2008
50000
6880
5781
50000
69
2
50000
50000
1
50001
50000
50001
50000
1572
254
50000
50000
391
112
2
50000
50000
160
1
50000
3
2
50000
50000
50000
50000
50001
50001
50000
32969
50000
599
50000
50000
50000
4
50000
50000
50001
71
1323
50001
50000
1
10825
50000
5
9012
8
50000
50000
1939
50000
50000
5
8
50000
18
20
50000
50000
50000
50000
2
50000
50000
50000
35372
4261
50001
1
50001
1
50000
50000
50000
50000
32
50000
280
29
50000
498
50001
50000
50000
50000
3
50000
1
50000
1
36
50001
50000
50000
4273
39
50000
50000
50000
50000
50001
15
1209
50000
50000
50000
50000
69
50000
161
50000
50000
50001
5
50000
327
50000
48
50000
50001
21130
1
1
1
50000
50000
50001
34
50000
50000
2
386
99
50000
50000
50000
25
50000
50000
3658
2
50000
50000
86
89
50000
50000
50001
14
50000
7
50001
72
50000
34
1
50000
50001
37633
98
50000
55
50000
50000
50000
50000
50001
11
722
50000
1
17246
5318
8
6
2
470
50000
3441
7
50000
50001
50000
50000
50000
50000
50000
50000
50000
50000
50000
50000
50001
50000
1
17042
1296
53
50000
50000
50000
50000
347
12
1051
50001
1436
15681
50000
50000
152
22758
16193
44
50000
3790
359
50000
50000
50000
7
3
4
44
11
50000
50000
32
368
1
4
15077
200
4
18
50000
2
50000
50001
50000
1
1
8
50000
50001
8
32889
50000
50000
1
50000
50000
2
1
50001
18218
1
50000
45
50000
50000
50000
1115
105
42
1
33308
6368
50001
50001
50000
50000
50001
50000
12935
50000
50000
50000
50000
13
1347
27216
49
1
50000
1
50001
50001
138
50000
50000
50000
50000
686
50000
50000
50000
3489
879
50000
5237
50000
1
25620
7144
50000
8046
50001
1
50000
50000
12
83
2415
55
6
49
11
43696
50000
50001
23622
50001
50000
1
7
45
50000
50001
50001
50000
3
4
50000
3
50000
21070
3
1
17059
50000
50000
612
23115
50000
50000
21901
50000
50000
17
50000
50000
50000
22
50000
1
13
5
50001
50000
50000
50000
14
50001
50001
13
1
50000
21557
19367
50000
50000
10980
50000
182
188
50000
50000
347
4
1496
103
50000
50000
1
192
1
50000
50000
43
2597
318
50000
5
50000
50000
50001
282
485
43983
50001
50000
1
34
178
50001
1
4
72
50000
5
50000
11
50001
7353
2491
13
2
1915
2
1600
1
50000
19
1700
50000
4
50000
215
15525
50000
50000
50000
50001
50000
50000
16330
50001
50000
50000
3
50000
50000
50000
1207
50001
13
50000
50000
50000
37798
50001
35032
50000
1
50000
39
187
50001
50000
34
4
1
50000
50000
10014
376
19
50000
50000
50000
50000
558
50000
60
50000
50000
50001
46850
50000
50000
50000
12
50001
14135
1
50000
50000
50000
50000
50000
397
2
39
408
50001
10
56
50000
50001
4
2
50000
1
9
50000
50000
50000
1
4
13401
1688
50001
50001
20
10013
50000
16
7
1630
50000
50000
1866
26
50000
2
50000
1
50001
3343
50000
50001
3
12973
1652
585
4914
50000
5183
50000
30
50000
50001
50000
77
80
50000
72
50001
50001
50000
2
850
50000
12
50000
146
37503
18
50001
14006
50000
50001
1554
50000
50000
32
3375
71
50000
24108
4958
50000
5
50001
8
50000
10
402
3115
50000
50000
50000
7
50000
36
50000
632
50000
33
50000
4004
2
1
50001
8
50000
15
50000
50000
221
252
210
8642
50000
965
444
50000
50000
1
50000
50000
50001
459
50000
50000
82
50001
50000
1
50000
2458
79
50000
4861
50001
867
50001
50000
50000
50000
5298
61
80
13627
424
50000
50000
50000
50000
35
1
81
66
50001
50000
20
78
50000
2698
50001
50000
50001
2395
50000
59
126
40811
50000
2
50000
4
50000
18
50000
89
50000
670
44
144
50000
50000
58
50000
50001
2
1
1
1
1
50000
50000
50000
50001
99
1071
64
50001
50001
50001
50000
5
997
13199
42562
50000
750
50001
50000
50000
50000
50000
8
50000
50000
50000
50001
50000
9
50000
7584
11137
45
1
3
5805
50000
181
11084
1
1
1237
151
50000
50001
50001
50001
1
26
50000
17
3955
50000
2
2034
5
1
50000
50000
50000
50001
69
50000
86
50000
2306
1
132
82
12
14029
50001
50000
50001
24
50001
601
2
50000
40701
50000
4
6
487
1
319
50000
50000
1266
50001
19
56
15481
121
50000
967
1
50000
104
461
389
18
3728
5872
50000
50000
4
3
1917
50000
50000
110
50000
50000
50000
1007
50001
360
50000
199
50000
50001
50001
1
14899
50000
1
298
50000
50000
520
50001
50000
50000
50000
50000
50001
50000
21
2431
50000
2265
5461
1
50001
10
1
50001
6
50001
50001
1
50001
50000
801
50000
11
50000
50001
50000
2390
3
571
27
50000
88
50001
50000
41964
14499
50000
32
50000
2
107
81
50000
991
50000
50000
1
15543
2457
50000
50000
21
50000
1
50000
50000
2
50000
5
1
50000
50000
20
1779
50001
50000
4088
208
50000
928
50000
50000
50000
50001
1
50000
50000
50000
50000
50000
50000
6
50000
50001
50000
5
50001
50000
112
50001
50001
39
50000
50000
307
15
50000
50000
1
11
340
50000
50001
636
37
50000
3
46775
393
50001
50000
50000
29455
29
50000
50000
50000
67
2
5
50000
50000
6139
685
47
50000
1807
1116
2500
10936
3
4
57
3
50000
238
112
1
317
50001
50001
50000
865
1
103
10
50000
50000
8986
50000
29608
6
50000
4
50000
1505
50001
116
50001
32
50000
3624
50000
50000
270
50001
50000
157
50000
50000
50000
50000
1197
22304
17
41
50000
50000
1
2
50000
6
50000
50000
50000
50000
14540
22119
6
120
5204
3523
1
50000
50000
9
50000
50001
50000
50000
50000
10090
32920
50000
832
119
1
70
50000
11
1964
50001
50000
50000
50000
50000
50000
8615
15
58
1062
30881
24
6
50000
1
20343
50000
50000
1
35
351
50001
28
23632
50000
50000
50000
4
6
6
50000
50000
50000
50000
2568
571
50000
4521
50000
50000
50001
11095
50000
9492
70
50000
43047
2
50000
50000
7
130
50000
1
45
38
50000
4402
19
6176
4
50000
50001
50000
50000
150
50000
50000
50000
2
50000
17866
50000
1550
50000
14
50000
1591
50000
50000
1
3
50001
50000
50000
50000
1
723
21979
19
50000
50000
50001
12
27150
2
1
1
4
2726
50000
50000
50001
4
50000
113
1352
1102
1
20
50001
2
50000
50000
50000
50000
50000
22907
39
50000
22
50000
11
50000
50000
1896
6
9347
3825
2931
84
50001
50000
50000
1960
131
50001
7
50000
1
1551
50000
1
50001
28
8960
1247
5
50000
50000
50000
50000
57
50000
2
50000
4
17836
50001
398
50001
44
15
50000
774
14
50000
50000
50000
50001
50000
1
50001
7
333
50000
50000
1
50000
50000
50000
2673
50001
4493
2
50000
269
33341
50000
1490
1
50000
50001
1801
17499
3931
50001
1
50000
50000
58
50001
50000
50000
1
50000
5
50000
11
50000
182
4
1
50001
50000
50000
1
3387
133
50000
426
183
328
50001
82
50000
27
50001
4
50001
50000
186
297
50001
534
1
50000
50001
126
76
1
1
594
34
50001
1709
1
6831
50000
50000
50000
48
289
50000
50001
50000
50000
50000
9
40699
1101
8
1
50000
50000
4187
9
50000
50001
20083
252
2009
3652
24
9
50000
1
50001
50000
50000
50001
50000
50000
1
50000
50000
51
50000
50001
584
50001
50000
50000
7
50000
50000
50000
50000
50000
189
50000
50000
1
130
1
50000
4
48
50000
50000
1
50000
50001
50000
244
527
3963
23
50000
324
271
50000
50000
2
50000
267
50000
50000
50001
50001
50000
50000
14
2674
50000
50000
184
4
50000
1154
7
1856
50001
50000
50000
33398
50000
50000
50000
2
50000
27
50000
50000
15395
50000
50001
879
3
50000
50000
50000
1
50000
1407
16
50000
50000
50000
50000
50000
123
169
50000
50000
101
50000
50000
853
50001
50001
50000
1
50000
50000
50001
35943
50000
50000
4
50000
1
1
50000
50000
50001
5
63
50000
50001
50000
50000
1
7
50001
50000
50001
50000
50001
50000
50001
104
1
1
2
53
70
50000
50000
50000
50000
86
50001
50000
50001
2
50000
50000
6431
2
12
50000
50000
19
50001
88
105
50000
50000
50000
1
49048
50000
5
1007
50000
19
2687
50001
50001
50001
34
50001
50000
420
50001
50000
50001
50000
1
1
50000
299
37
50000
47753
5152
3291
50000
22038
50001
50000
1552
12
1
50000
50000
50000
32
7881
50000
6443
50000
50000
50000
50001
13891
1
89
111
9
50000
50000
1651
193
2
50000
50000
50001
3819
50000
50000
50001
4018
216
448
50001
10
1
11
1
18
10
1248
328
6
2
50000
50000
39
50000
50000
379
50000
4
3959
3
1
18
224
2
50000
190
18
50000
1
173
50000
23
50000
25
50000
50000
50001
1
50001
3385
50000
1486
50000
14
1085
50000
50001
734
798
50001
5
50000
20
50000
50000
50001
50000
50001
50000
50000
50001
50000
2
2
136
50000
2
5
50001
50000
50000
367
50001
50000
50000
2
19
50000
3
50000
50000
1152
19245
50000
9
24470
50000
1749
50000
50000
29
50001
47530
50001
2
50000
50000
156
50000
50000
50000
50000
41
50000
50001
6
68
11
1
50000
167
4
50000
670
54
1
50000
8
1458
2
4228
51
2502
689
5
50000
50000
50000
50000
2424
2103
50000
50000
50000
3
31665
50001
50
50000
2282
52
50001
988
50000
1
2
186
50000
50000
251
50001
50000
1
674
50000
50000
13432
50001
24564
50001
50000
50001
50000
50000
200
50001
29
3657
50000
50000
50000
50000
50001
3
50001
7506
55
50001
10
50000
47
50001
7
50000
3095
50000
877
50000
555
19
4
50000
50000
4
50000
8455
1
50000
50000
9
627
199
793
50000
12
50000
1
19
50000
50000
34484
26
1
3
452
50000
232
105
50000
50000
50000
50000
50001
50000
50000
23739
50000
50000
50000
50000
50000
109
50000
50000
50000
9
50000
708
788
50000
337
42
50000
45
50000
1
50000
13
1407
50001
1500
50001
9
29
166
14
50000
349
50000
1751
50001
50000
50000
1316
50000
50000
50000
14104
50000
50000
50000
30
50001
50000
191
50000
23
50000
3670
50000
50000
50001
50000
802
50000
50001
50000
50000
301
50000
50001
1
310
16664
50001
735
50001
337
73
170
6
1
1883
50001
1724
13
50001
907
271
50000
50001
50001
2
50000
50000
28
263
50000
50000
536
50001
50001
30477
80
50000
45
3837
50000
50000
36
50000
27756
1
15
50000
9255
732
50000
50001
50000
7
1
50000
50000
50001
50001
1
50000
18158
8
50000
39
50000
401
28
50000
50000
50000
50000
50000
50000
1
50000
50000
50000
4
49
40
50000
69
50000
6
50000
274
50001
50000
50001
50000
5
27
8437
779
50000
1
1
50000
461
50000
50000
3374
3
50000
50000
1828
50000
50000
50000
50001
50000
38184
50000
50000
50000
8
16
1
6410
50000
1688
50000
6
19146
32
50000
50000
50001
3
50000
1
50000
1
1370
50000
50000
50000
50000
50000
50000
50001
243
2
50000
50000
50000
1430
50000
50000
1568
2041
50000
50000
50000
2094
50000
50000
14159
50000
1019
50001
12681
50001
4303
1
113
273
50000
50001
2
8970
593
50001
50000
64
50001
50000
50001
50000
50001
43
470
36689
50000
50000
116
50000
50001
10152
50000
50000
50000
8
538
19933
66
50000
17620
50000
50001
50001
11
50000
50001
50000
50000
8322
27119
50000
5234
2
81
50000
50000
7
26671
1
50000
50000
18
8432
50000
822
1
1
50000
50000
282
6448
50000
2272
4
50000
50001
50000
50000
5
50000
514
50000
10
50000
50000
9464
50000
10
468
11
44
50000
31
1026
50001
50000
50000
50000
47884
510
50001
50000
50001
11
8620
2
50001
50001
50000
1
9
50000
50000
6377
2
50000
50000
50001
50001
102
5593
50000
50000
18935
34194
50000
50000
50000
50000
301
50000
50000
50000
319
1
5068
50000
50001
2
213
2
50000
50001
43220
50001
50000
50001
50001
50000
50000
50001
2543
1
50000
50001
1
50000
50000
1
50000
32
50001
50000
50000
5
50000
18
50000
50000
50000
50000
32089
50000
11771
50000
50000
187
50000
6360
5
13
50000
925
28
50001
50000
50000
50000
50000
50000
50000
4
50000
19
8
184
1074
1
50000
50000
70
50000
50000
50000
50001
61
8
8
50000
50000
36036
50000
50000
50001
50000
1
4188
50001
25
50000
50001
10
410
50000
140
1077
49323
50000
50000
50001
43
1
50000
50000
50000
50000
5
57
50000
1
50001
11
50000
50000
1706
50000
1
50000
50000
50001
1
3
6989
29080
50000
38034
8991
172
50001
50000
50001
3
1
2
50000
50000
50000
50000
50000
3
20690
50000
29
50000
2957
50000
50000
753
3
50001
50000
1
135
50000
1
147
3216
5
50000
16152
50000
1050
50001
50001
50000
50000
1701
1
2
50000
50000
50001
2
50000
50000
50001
5
50001
50000
211
1
50000
50000
50000
1
50000
50000
50001
50000
50000
50000
25
50000
50000
1
1
1
32715
144
50001
33
50000
50000
4080
50001
50000
50000
50000
50
50000
236
50001
50000
9
50000
50000
50000
7
50000
50001
379
50000
50000
50000
796
18
50001
2
50000
57
71
50000
50000
1881
50001
1
51
8
50000
50000
50000
106
50000
50000
24
50000
50000
50000
1
1
1
50000
2
188
13
50000
50000
15
475
50000
50000
1
50001
6288
50000
3741
50000
50001
50001
50000
464
50000
60
1
24
38
5
11
7
3505
50000
50001
27
1
50001
50000
50001
50000
2
50001
50000
1688
50000
50000
50000
50001
50000
50001
50000
2
50000
50000
50000
50000
50001
50000
50000
321
50000
4
87
167
50000
14
1
25
50001
1160
7910
50000
50000
2436
50000
18957
50000
50000
50000
1
5
50000
50001
684
50000
50000
50000
50001
50000
5154
9
50000
50000
380
50000
50000
50000
1
50001
50000
50000
50001
50000
395
50000
23
50000
50000
50000
870
50000
50000
50000
50000
4
50000
5
1
50000
50001
50001
50000
308
50000
3
50000
50000
9
50001
4
1311
50001
50001
50000
50000
50001
50000
50000
50000
50000
50000
50000
50000
2
183
7041
29
50000
2
50000
50000
29165
89
50001
50000
215
50000
1
50001
1122
50000
50000
19029
36570
50000
1611
1484
50000
50000
2
1100
50000
5416
50000
50001
50000
387
168
1
50001
50000
1
17
50000
50000
7
854
3
50000
943
50000
50000
50000
50000
50001
50000
50000
708
40474
68
202
13
50000
50001
1
5
50000
50000
50000
50000
50000
438
50000
50000
50001
50001
1741
3099
55
36
50000
50000
50001
1
564
2
50000
50001
4557
74
3
14
1846
50000
1
50000
1
5
50000
15
780
2721
796
7
50000
50000
50000
4144
50001
30
1
50001
16
12
50000
50001
50000
50000
15161
30
50000
2
357
3290
50000
25501
1027
50000
2068
50001
19
50000
50000
50000
21
50001
47
50000
2989
50001
4
65
50000
50000
1
48
50000
19
50000
50000
1
50000
7058
50000
50000
30800
2684
50001
15
4
50001
50000
72
27796
1
2
50000
50000
50000
50001
50001
50000
50000
50000
50000
50000
12
396
50001
50000
50000
910
20603
5
1788
50001
50000
18
50000
14
50000
4
50000
1240
50000
151
50001
50001
2318
50000
50000
7
50000
174
50000
50000
13646
5
758
8
50000
2
1
50000
50000
250
50000
50000
124
557
50000
50000
5
51
50000
50000
18
50000
50001
50000
50000
18
34
17
50000
23
1
1
239
31
50000
485
50000
50000
50000
50001
99
50000
23397
50000
50001
1
1
50000
65
50000
1862
10
50000
50000
50000
265
13360
227
3558
50000
1
21245
119
50000
12906
50000
50000
318
50000
5347
30066
6
50000
50001
50000
1
20245
302
2
1036
43
50000
34
50000
50000
9708
50000
11
50001
5
439
50000
50000
5881
72
50000
47
1
2
1
649
15
25547
50000
275
50000
1
50000
50000
4470
45395
50000
50000
50001
50001
5202
220
50001
50000
194
50001
6
50000
50000
50000
50000
2
1221
15567
173
212
50000
1
18481
14123
50001
602
50000
50000
115
50000
2142
1
50000
50000
50001
50000
50000
19519
2
50001
3
50000
50001
50000
50000
50000
50000
50000
5050
50001
50000
50000
3
6
50000
1
50000
50000
13
50001
13
1
50000
50000
37
4
50000
50000
37
50000
2
50001
50000
50000
794
50000
50000
22077
31
50000
4245
50001
50000
1568
50000
50000
50001
32
154
354
50000
2396
50001
50000
44
50000
57
50001
302
50000
50000
50000
1
4
50000
3057
1
50000
2
50001
10546
50000
50000
246
50000
50000
20
50001
186
50000
50000
50000
145
141
50000
14707
50001
50000
50000
817
166
50000
50001
50000
50001
1
50001
50000
1
50000
50001
50000
50000
50000
50000
50000
192
50000
27
50000
15
19
4107
9105
50000
453
910
1
48988
50000
64
554
50000
50000
50000
3
50001
50000
15
4
50001
50000
84
50000
50000
50000
50000
54
50000
50001
1187
864
1324
50000
50000
157
26
2
50000
50000
50000
50000
50000
7
3260
50000
9
530
50000
30
50001
5280
2578
4
50001
1
50000
10
28
2851
43105
50000
368
106
50000
514
50000
385
149
27068
16959
12
50000
49
30
1
2
3
63
50000
2379
10
895
50000
50000
50001
50000
50000
37
50001
50001
12
50000
1
50000
50001
45
17794
275
2
50000
50000
50000
50000
50000
50000
599
50000
2
111
50001
1398
50000
50000
50000
50001
50000
3
50000
50000
50000
343
1
2
50001
50000
37
45279
140
50000
14
50000
40
12082
50000
1877
50000
50000
50000
758
50000
6
50000
50000
311
50000
3712
342
23002
12855
50000
50001
50000
50000
50001
15530
50000
3
10
1
50000
50000
50000
1
50000
50000
27
50000
2290
2
50001
1543
50001
50000
62
50000
50001
11
50000
50000
50001
9176
25482
3
78
1
26950
50000
50001
50001
50000
10464
158
50000
50000
50001
50000
50000
50001
50000
45
50000
50000
50000
1
11
1
50001
7
18
50000
50000
50001
50001
1
2086
97
4023
639
1
565
3
50000
1
50000
20933
50000
50000
131
50001
50000
50001
50000
1
50000
50000
50001
24253
1
50000
85
122
50000
50000
265
50000
11
1
11
50001
2029
12590
50001
50000
50000
23894
13
50001
50000
3782
9
50000
50000
50000
50000
50000
50000
4474
50000
50000
50000
50000
50000
50000
9
50000
31511
8129
1689
50000
13321
4094
50000
50000
5
50000
50000
46363
4
8
25666
1
81
50000
2342
1
2
50000
380
50001
2981
50001
1774
79
50000
651
1261
2740
50001
15
50000
50000
21390
31
50000
1030
50000
15
9314
2
50000
50000
13
50000
5491
50000
50000
50000
50000
1
9
2
50000
50000
163
1
3365
2
745
50001
50000
50000
50000
7
50000
15
3
46780
50000
61
50000
50001
50000
50001
50000
50000
50000
50000
1
436
1392
25
50000
10
50000
50001
50000
50000
46
50001
13
454
50000
50000
1035
50001
8173
50000
3
50000
50000
50001
15356
66
226
50000
3
50001
50000
50000
50000
50000
50000
2
3855
9
50000
50000
21
50000
50000
17323
50000
50001
50000
50001
50001
5987
50001
326
3
506
197
49058
46009
50000
3
50001
50001
11
50001
50001
50000
5
50001
1776
13
50001
176
50000
50000
50000
47
50001
4
568
24294
250
97
201
50000
50000
50000
24
2
23
9
13619
50000
33
18
50001
50000
1
18799
3
50000
106
50000
16
50000
50001
10
1
805
1
50000
50001
2029
50001
50000
17
50000
50000
50000
1034
50000
8
50000
8367
50001
50000
50001
192
50000
1
50000
50000
9
189
50001
17
50000
3717
14
1
50000
29229
50000
50001
5193
2844
50000
50000
50000
112
3762
19
104
50000
50001
8533
50000
6
1
50001
74
855
8553
50000
250
76
50000
50000
50000
50000
10
44
3601
50000
50000
50001
50000
1
188
26
4
1
296
50000
50000
2646
50000
1
2
50001
50000
4772
9
50000
50000
50000
50000
15483
50000
70
6
50000
50001
50000
50000
50000
2
50001
50000
50001
598
50000
50001
50000
9
24
50000
50001
8697
50000
50000
50001
1
5569
13
50000
2
336
12
50001
35344
344
9
1
7
50000
21850
588
4206
1243
50000
50001
549
50000
218
1693
1
598
15603
50000
50001
161
125
6068
50000
50000
50000
28756
50000
50000
50000
37
50000
50000
143
554
401
1
1
13
907
882
1382
5329
50000
20809
36
5
1
1599
218
50001
13
50000
5
50000
50000
50001
113
50000
50001
2316
50000
50000
9103
50000
50000
35679
50001
17
50000
50000
50000
9
50000
50000
3
50000
1
50000
50000
50000
813
50000
50001
249
188
50000
9
148
109
1850
2496
50000
2
6
139
857
50000
172
905
6
20062
192
1
26
50000
1
50000
14
50000
5
50000
4
50000
50001
732
22
5
50001
1
50000
50000
50001
50001
50000
50001
50000
25010
1
50000
50000
50000
50000
24
39
50001
50000
23076
432
5
81
2
10
24191
