50000
45
50000
50001
50001
50000
5174
50000
37637
50000
8826
50000
50001
50001
50000
5342
22
50001
14
50001
263
50001
1
16202
50000
50000
50000
50000
8
50001
90
50000
50000
50000
50000
50001
636
50000
224
1
1015
50000
3
50001
2257
50000
50001
1
50000
50000
9
1
7300
50001
50000
50
50000
1
31
50001
7735
1
50000
1
2837
50001
50000
1
1
50000
50000
50000
50000
63
50000
1
1
50000
2
2043
1
15
1
3
50001
2
1
89
50000
1
50001
1
675
704
752
440
34328
50000
50000
50000
1
50000
37
50000
50000
50000
50000
50001
50000
50000
2
50001
50000
50001
407
50000
50001
50000
50001
50000
50000
50000
50001
2
8792
259
50001
50001
50000
313
50000
50000
8664
50001
50000
50001
50000
50000
50000
1
1218
50000
50000
14915
50000
50000
10
50000
3
1
26320
50000
101
44823
50001
50000
1
40
50000
50000
50000
78
50000
1
71
50000
207
3412
256
308
9126
50000
13387
50000
20
50000
2
1294
50000
117
50001
50000
1
50000
50001
3560
50000
50000
50000
50000
8
50000
57
50000
19
50000
50000
50001
707
50000
4
3246
50000
2740
50000
50001
1
2050
50000
1
1
50000
50000
22717
50001
1564
50000
50000
58
50000
50000
37030
3976
50000
19
50000
3
50001
50001
20
50000
50000
50001
50000
50000
10820
1
50001
1
50000
50000
50000
1
907
56
219
23198
50000
50000
50000
158
50001
50000
50000
19854
50000
50000
4113
50000
1
50000
61
50000
240
50000
50000
50000
12
46
50000
50000
50000
50000
50000
35672
14267
2
135
3
50001
1
38
50000
45
50000
50000
16
50000
1
50000
2
50000
1
13
50000
1767
32
4
50000
36
386
1
15
50000
50000
118
81
50000
8464
440
50001
216
50000
2
50000
50000
50001
50000
25627
50001
50001
50000
50000
50000
50001
1955
50000
1826
50000
50001
50001
50000
50000
50000
50000
50000
17
12954
50001
50000
4
136
1797
50000
50000
635
50000
50001
50000
503
50000
2703
50000
50000
30
50000
3084
1
50001
50001
50001
50000
4
50000
20856
50001
12
18847
50000
266
50000
50000
42
1175
50000
5
50000
50000
50000
6
6
50000
50000
7
50000
50000
50000
1
10
50001
3
27509
20
27
50000
50000
3
50001
50001
50000
4116
50001
50000
50001
1
50000
21025
393
1
50001
1
50000
50000
9
50001
1
50000
50000
44
8468
50000
1
5
8
50000
50001
1
50000
50000
37
50000
50000
7
1871
836
50000
50000
50000
50000
50000
50000
50001
50001
50000
11822
5325
50000
24
50000
50000
50000
1
50000
50001
4
50000
50000
50001
50001
10
132
1
50000
13650
50000
50000
50000
3
50000
50000
14
50000
50000
11752
50001
2348
71
50000
50000
50000
20926
50001
3390
50000
35467
1226
2
10
12194
50001
4203
50000
50000
12421
2
442
853
50001
50000
50001
1208
47305
50000
1
50000
50000
50000
7
1
50001
50001
50000
689
50000
15
11
50000
50000
11
50000
50000
50000
21
14
50000
50001
50000
69
1
50000
4
284
50000
370
855
18
1
2113
50001
50001
2
2
174
1
6732
50000
1
2
2
1
50000
50001
50000
50000
19
1
50000
97
50000
3388
1
10
1
182
50000
50000
50000
139
50000
25
4624
7996
50001
152
2
6661
13831
263
50000
50000
520
1
50000
8200
50000
50000
25
50000
5102
50000
824
121
50001
3
50000
3
4
2
4
50000
15592
5
50000
21
50000
50000
137
23
50000
50000
50000
2
23149
2
50000
50000
50000
203
196
50000
42
50000
50000
50000
32
231
74
2
50000
50000
2249
50000
50000
25268
50001
50001
2
50000
112
50000
50000
265
47
178
50000
112
16
50000
794
50000
1
50000
50000
50000
50000
1
50000
50000
14145
10
50001
50000
23631
1
88
50000
45
50000
50000
50001
1
20081
1
50001
50000
50001
2
50000
55
50000
1
66
50001
2
50000
13
1
144
3
15
50000
50000
50001
50000
50000
74
50000
50001
3
50000
50001
50000
1
20
50000
14
45
50000
2202
113
50000
2421
50000
111
1
50000
12954
50000
50000
4
3
5
4
9
50000
50000
50001
50000
50001
50000
50000
50001
140
50000
50001
40
2
39
50000
50000
50000
172
50000
50000
50000
50000
50001
44480
507
115
50000
1
743
17
50000
102
50000
73
50001
50000
50000
1053
50000
50000
50000
134
1
1
4047
4896
50000
50000
50000
1
50000
12
50000
50000
1
12
50001
2
100
1
21138
17961
50001
1
50001
4
12972
50000
90
50001
9722
28
50000
50000
50001
19
50000
50000
6
13
50001
1
2
37
3
50000
50000
1
50000
5
50000
50000
50000
1
50001
50001
1
50001
50000
50000
56
1
50000
50000
50000
50001
5
50000
4758
78
50000
50001
663
50001
50000
1
26
50000
50000
50000
50001
50000
50001
50000
50000
356
50000
50000
18
6
50000
50000
1668
19
2
20
12
4
1
50000
50000
50000
50000
879
50000
73
50001
50000
1252
50001
50001
50000
50000
50000
2
50000
50000
1532
9
1237
50000
50000
50000
7
2
50000
50000
397
7789
50000
1
50000
50000
37149
50000
50000
50000
50000
50000
50000
21
50000
50000
2
50000
1
50000
16
1
1
50000
1
50000
541
6
39
50001
50001
50000
25
6
50001
50000
2
50000
50000
50000
50001
50000
50000
14
50000
50000
50000
50000
50000
9
56
12
50001
1
50000
2
50000
1
50000
50001
50000
278
50001
50001
47
50000
50000
50000
50000
50001
50000
6986
1
2
50000
50000
50000
50001
1
47031
50001
6869
50000
50000
50001
1447
50000
2
50000
50000
50000
50000
1
50000
50000
12850
50000
1
50000
50000
149
50000
50001
11
5139
50000
183
50001
4754
50000
1
50000
50001
160
1879
5788
3133
26
50000
12
37050
1338
63
50001
50000
3485
304
9
50000
4
50000
6057
22
13
669
258
50000
5
37672
50001
50001
12620
50001
50000
50000
50000
6
50000
50000
52
50000
50001
1
50000
50000
1
50001
4030
50001
3
7509
8
1
17
40
50000
50000
50000
50001
50001
50000
3
7
50000
50000
50000
50001
4
50000
1
737
50000
50000
50001
15
50000
43
405
50000
50001
50001
23817
50000
50000
823
22
50001
2
50000
50000
50000
50001
18370
50000
50000
50000
6
50000
50000
50000
227
50001
50000
50000
147
50000
50000
50000
50000
2314
657
50000
124
7
46
50001
50000
50001
248
50000
19813
50000
50000
50000
25
50000
50000
9058
50000
50001
1
50000
50000
50001
50000
50001
50000
9756
1
2
4
50000
50000
8
1956
50001
7
2
6
14
50000
50000
102
2
50000
50001
13614
50001
4834
3
64
50001
122
50000
50001
16506
2
1
155
50001
58
50000
50001
3
8
50000
695
2
3
50000
1
50000
50000
1703
50000
50001
15
7078
50000
1
50000
198
50001
50000
1
50000
21060
1
50000
50000
7
50000
50000
50000
14
11
50000
50000
50000
50000
230
185
128
3070
1325
50000
5
5
9734
50000
50000
24077
1
970
44
50000
50000
436
50000
98
6
50001
50000
119
11
100
3180
10
1
50000
50000
5391
1609
3674
1
635
8234
57
50000
4840
50000
50000
50000
9
20160
50000
3692
50000
50000
50000
50000
50001
13
21840
50001
50000
50000
50001
50001
50000
50000
279
1971
1495
1
50000
50000
50000
50001
1
50000
89
50000
50000
50000
50000
4956
50000
19
50001
280
50000
50000
33385
50001
50001
4
50000
50000
1
50000
50001
50000
50000
1
50000
50000
44
2514
50001
50000
12181
50000
50000
50001
50000
48297
50000
50000
137
50001
3595
50000
50000
2
50000
26
50001
70
50001
68
46197
23
2
1732
3
50000
5
50000
50001
50000
50001
50000
50001
50000
50000
50000
88
37
2957
50000
59
179
74
5008
50000
18291
50000
20
4097
50000
75
50001
50001
82
8902
1
50001
50000
10906
202
491
50000
50000
4
50000
50000
50000
50000
50000
205
50000
50000
50000
8177
50000
30
50001
2478
2
3820
50001
2063
50000
5475
9
50000
42046
20
11
3
50000
50000
50000
50000
50000
50001
50001
50000
50000
50000
18994
8
6
1162
50000
1
50000
50000
13
25
50000
50001
50001
50000
1
1
50000
2718
8
47
50000
50000
2
50000
1
50000
50000
1
1
50000
50001
50000
50000
2
3080
23220
8
50000
17
32
50000
10
50000
29
50000
1
61
358
73
50000
50001
50000
50000
50000
1617
50000
50000
50000
50000
50000
50000
22
50000
125
56
50001
6
2
9385
50000
50000
50001
50000
50000
21
1
50001
10313
50000
50000
50000
50000
50000
50000
50001
365
50001
573
34
50001
1
50000
49
1623
50000
31285
8606
1
50000
50001
1
50001
50000
18
50000
63
50001
248
50000
2942
50000
1
50000
414
15209
50000
50000
12
50000
47
50000
50000
50001
2
22442
9
1
50000
50000
50000
50000
50000
50000
50000
288
50000
50000
5
57
50000
339
1
50000
50000
243
50000
50000
8
1
50000
50001
5138
50000
50000
50000
50001
2
50000
50001
50001
50000
711
16
50000
3
50000
50000
20941
14583
50000
50000
1
96
50000
17
244
3782
1158
647
28397
1
50001
50000
1
50000
50000
50000
50000
1
10864
50000
1
50001
7113
50000
1
50000
16
101
50000
50000
1832
50000
50000
2
50001
3
50000
50001
50000
158
50000
50000
4173
50000
2
50001
6
50001
50000
281
50000
6753
50000
50000
50000
50000
50001
1
50000
50001
11
50000
1
50000
50000
50000
1
944
50001
6
50000
2
1
50000
50000
50000
1
50000
50000
50001
25
50000
2042
4
4076
50000
50000
50000
50000
10
50001
50000
50000
8962
111
50000
1
7
4
20
4
20
23
6
50000
50001
855
134
644
50000
2
50000
35083
50000
50000
50000
50000
50000
50000
192
50001
1
3
50000
50000
50000
3
260
50000
58
3413
50000
50000
391
50000
50000
50000
3568
21376
1291
50000
50001
50000
3292
77
78
90
1
50000
40
50001
800
50000
50000
303
50000
50000
26555
50000
50001
50000
1525
50000
50000
443
5000
50000
3889
50000
1
50001
270
50001
14541
23954
50000
26126
50000
11
1
4131
50000
129
50000
50000
970
50000
599
50000
50000
15865
49
46
50000
10
50000
50000
1
50000
56
50000
50000
50000
50000
50000
50001
255
50000
29
50000
257
19
3
3701
1
1
1
12
50000
52
50000
50000
5
50001
367
13
1
670
50001
50000
15522
38346
50000
50000
50001
50001
50000
25
50000
50000
50000
50000
50000
6640
50000
50000
50000
50000
50000
4320
50000
50000
4
50001
2
1
2072
50001
2
50000
48
50000
50000
4
50
50000
7277
5126
50000
50000
50000
50001
14067
2
50001
50000
5
50000
50000
50000
50000
50000
53
50000
50000
50000
76
50001
65
50000
50000
50000
3550
50000
50000
50000
326
1
50000
50000
1
88
563
84
50000
50000
50000
50001
28543
42356
6
50000
50000
23
137
1325
50001
3704
23
50001
143
50000
1020
50001
50001
5360
13471
50000
1
7715
50000
50000
50000
42387
50000
50000
50000
2
38
50000
22
1
496
10472
78
6487
41
50000
2255
3
50000
50000
10317
2
50000
28
45532
50000
50000
50000
10919
50000
50000
50000
3
50000
50000
6
50001
867
6
50000
1076
50001
1486
16
50000
50000
19
1
50001
50001
50001
1
1427
31174
101
24
581
50000
50001
50000
50001
2
1968
50001
50000
50000
50000
50000
50001
50000
2626
50001
11
50001
50000
9995
13
50001
50000
1
50000
50000
2494
1
50000
16655
21
50000
50000
46
50000
731
50000
17870
50000
50000
50001
57
2
50001
3
50000
50001
50000
50000
3
50000
1
50000
67
50000
6
70
50000
50001
50000
50000
1
50000
467
604
50000
50000
50000
2836
50001
34
50000
5
50000
50000
50000
50000
11240
22837
50000
269
1
975
6
50000
2
39
854
8695
2643
50000
2
50000
50000
1
35575
50000
50000
50000
19
57
50001
50000
6494
6
2
50000
50000
1
27807
50000
64
1
7
50000
50000
50000
1285
50000
50000
1
1283
3083
50000
50000
2
24
50000
4882
50000
29867
50001
1
50000
38
50000
50001
50000
1
50000
13050
50000
844
50000
50000
50000
50000
80
50000
50000
50000
1
50001
50000
58
50000
50000
50000
50000
50001
9625
50000
50000
64
9
2348
364
50000
50000
50000
50001
1
59
50000
50001
50001
50000
109
587
15
50000
34
50001
50000
50000
15514
9
6265
1
50000
2804
50000
1141
50000
17
3
50000
50000
50000
50000
50000
50001
174
50000
50000
1
2
1
1
50001
50001
40859
1
19
24
3056
5074
13827
50001
17300
50000
50000
8696
50001
50000
50000
50000
50001
50000
5
815
146
50001
1
50000
1
50001
50000
50001
50000
43055
50000
50001
50000
330
1
50000
50001
1347
5
14
50000
50000
50000
50000
50000
50000
50000
50001
28
50001
16273
50000
173
50001
25
50000
122
1088
1
50000
1693
50000
8458
1644
50000
1
50000
50000
50000
50001
50000
391
1
4
50001
50000
50000
16
1
50001
50000
11
47434
1915
50000
50000
50000
1
50001
50000
50000
50000
50000
2
262
50000
50001
1
50000
50000
5
3580
50000
50001
438
50000
50000
2738
130
50000
50000
50000
50001
50000
50000
1
50000
4412
38
1
632
20016
50001
50000
50001
47
1544
50000
6820
50000
2
50000
28051
50001
30737
1
1
25852
50000
5
50000
50000
9
50000
8523
50000
50000
77
50000
11
8
50001
1
50000
65
50000
150
50001
50000
50001
4408
50000
50000
2380
50001
50000
214
50001
50000
37
6
50000
50001
50000
50000
50000
50000
50000
50001
50000
50000
50000
74
50000
50000
50000
50000
50000
50000
50000
50000
50000
50000
50000
44
50000
50001
50000
50000
50001
50001
22729
50000
6
50000
50000
50000
6072
1
50000
6
68
50001
32
50000
50000
50000
1
75
50001
91
50001
50000
50000
50000
771
50000
50000
2676
9
111
14744
9
1
50001
5
50000
50000
50000
1
50000
50000
50001
50000
8
50000
176
50000
50000
1913
741
1682
50000
50000
50001
37146
1
50000
32
50000
50000
50000
50001
207
22
50000
4042
304
50001
1
46
579
50000
2
2
1
1163
50000
1
3707
26
50000
8
6
13
50001
50000
50000
4
3
29612
17
50001
27
50001
50000
46
50000
1
50000
38
9
25
50001
20767
54
1
1
50000
21
50000
3
114
2
50000
8
8978
111
1
46
50000
1897
4
5
1
2989
50000
402
50001
846
50000
95
50000
4
79
50000
50000
50000
50001
50001
50000
10
536
50000
50001
1251
50000
50001
4160
155
50001
50001
50000
50000
50000
20
50000
50000
4
199
50000
50000
50000
50001
50000
11823
50001
191
9
72
50000
50000
50001
89
1
65
2
4
50000
1
50000
50000
50000
50000
50000
50001
50000
50000
1
21
4
389
20275
10868
10
50000
91
50001
3
50000
50000
50000
1
50000
868
17
50000
13445
50001
50001
9
297
50000
3
50001
50000
50000
50000
3
50000
12
50000
2
50000
50000
20
1
3298
50000
309
50000
4
2
50000
46
50000
200
2059
50000
50000
50000
50000
2
1
50001
50000
50000
50000
85
50000
2285
50000
50000
2
2
3
40
50000
4930
96
50000
436
116
7
50000
16
435
51
37584
276
50000
50000
50000
50000
22
22
126
50001
15327
5578
206
50001
233
50000
50000
1
50000
50001
50001
50000
1131
50000
5
1
50001
18
883
40
7
50001
378
50001
50000
50000
2890
50001
50000
50000
50000
1430
50001
64
55
1
50000
3879
71
50000
1
2
50000
4
650
50000
50000
50001
50000
50000
50000
1
50000
50001
2
78
50001
50000
50000
60
41
10990
3357
50000
2112
50000
50000
29
255
50000
50000
50000
3
50000
50000
50000
29
170
50000
50001
50000
50001
50001
50001
21090
50000
50000
50000
50000
50000
50000
50001
50000
1083
863
1537
50000
50000
4
16
50000
4696
50001
2
2
2570
580
50001
50001
50001
50001
50000
1
3268
588
9
50000
50000
18
50000
95
11
4631
65
50000
2
261
50000
50000
444
36
132
249
125
225
4
50000
1
438
1
1
50000
257
50001
50001
50000
50001
50001
317
50000
7345
50000
50000
2
50000
96
50000
50000
50000
25
50000
3319
3125
127
3
50001
50001
50000
8342
587
50000
50000
50000
50000
50000
50000
70
288
50001
68
22
50000
50000
50000
50000
50000
50000
50000
50000
651
810
50000
50000
50000
50000
50000
50000
50000
13217
50000
50001
2479
12
50000
1
1
2029
50000
29
37095
50000
50000
59
2119
50000
50000
50000
51
50001
1
50000
40
50000
50000
15577
1
50000
50001
4
50000
50000
50001
22768
50001
50000
50000
64
50000
50000
50000
27
50000
50000
50001
1
111
50000
6
20
50001
50000
50000
50000
50001
50000
5
1
4847
50000
50000
13396
50000
50000
50001
3
50000
4
166
1124
941
50000
2
3382
50001
1
1662
50000
29381
3987
20
50001
18
50000
50000
50000
77
1
50000
50000
50000
1
81
50000
50000
50000
57
50000
50000
50000
1
50000
50000
5
50001
50000
50000
50001
50000
1
21
47972
97
22
50001
130
50000
50000
7764
50000
384
50001
3
50000
50000
50001
50000
1
50000
6
50000
50000
50000
50000
50000
2
1
50001
50001
50000
50000
14773
50001
1
14
116
50001
39158
1
50000
2
14768
6
50000
50001
1
209
50000
54
1
12
38197
50000
50000
50001
50001
21
4
2
50000
50000
50001
50001
165
50000
50000
5
50000
50000
50001
50001
50000
2
11
50000
26
50000
1376
50000
7
50000
878
50000
3
50000
238
50000
2
9
50000
50000
50000
50001
858
50000
27604
50000
50000
12118
1
621
50000
10
50000
3633
50000
50000
6886
50001
50000
50000
50000
7
50000
936
46
50000
18004
1
50001
50000
2
23
910
1290
50000
95
2
50001
172
4
50000
50000
28
8729
17169
71
25305
50000
50000
50000
50000
50001
21
50000
598
14
50001
50000
50000
50000
4
50000
50000
50000
50001
363
50000
50000
50000
50000
7633
278
50000
50000
2424
72
95
50000
544
50001
50000
50001
50000
50000
73
50000
21215
50001
50001
2137
50001
50000
5
50001
50001
50001
50000
50000
31
4
50000
3
50000
50001
50000
50000
3
50000
34
21
236
50000
50000
224
7
50000
50000
50001
50000
50001
50000
50000
50000
50000
50000
50000
8
50000
50000
37200
50000
50001
243
50000
1
50000
50000
50000
50000
34488
533
540
1
4261
244
3158
8
50000
50000
50001
50000
50001
50001
50000
50001
1
50001
5
50000
50001
50000
50000
12444
3
57
180
2
24
20839
50000
5
1
50000
50000
50000
157
50000
50001
1
1
1
211
50000
50000
50001
412
50001
1767
50001
50001
50000
50000
50001
50000
50000
50001
50000
467
50000
50000
50001
50000
50001
1
50001
50001
50001
50000
50000
43
50000
50001
50000
50001
29692
4
10
50000
85
50001
19681
50000
50000
50000
9
73
2
13298
50000
40699
50000
50000
50000
50000
5
50000
50000
50001
183
50000
50000
38
1
35081
50000
2
50000
151
50000
4
1
50000
50000
50000
50000
50001
50001
1
50000
5
50001
55
1
50000
317
50001
50000
1
50001
1
50001
50001
5
50001
50000
50000
50001
50000
9449
50000
29
3174
9
50001
3854
50000
17
50000
33
50000
10
50000
46
1
283
9
1
124
50001
16478
50001
1
50000
500
49
50000
30
50000
45752
50000
50001
50000
1
19872
50000
50000
33500
2
2
50000
47237
46801
50000
50000
5
50000
1
16
2364
12
4
50001
40
1223
50000
50000
1
50000
50000
50000
10902
9
50000
50000
334
50000
14920
1662
50001
346
50000
1
50000
50000
50000
1
50000
50000
50000
50000
50000
50000
50000
50001
50000
50000
50000
50000
3
494
13
50001
5
5
5
50000
1
6
2
11
1
4
50000
13
50001
50001
1
4140
50000
50000
6294
4
50
63
50000
13
50000
2
36
29
50000
1
50000
1
50000
50001
1
13
50000
234
50000
6
50000
50001
68
18561
50001
4
50000
24
50000
53
50000
34
1025
108
50
50000
50001
50000
50000
61
4155
50000
50000
21
50000
5
50001
4
50000
50000
50000
50000
50001
50000
50000
33356
6145
50001
361
50001
50000
746
75
15
39906
50000
2
7670
50000
50000
2
50000
50000
50000
50000
50000
1
2
50000
193
10396
1859
191
50001
1
50000
50000
1
626
50000
50000
50000
50000
22749
50000
1
50000
50001
24
50000
3
50000
50000
50000
137
50000
50001
81
3808
1168
50000
50000
50000
50000
55
38217
50000
599
20
50001
184
38
156
2412
14004
50001
50000
50000
50000
1
50000
50000
50000
6
4
8572
3
1
1563
50000
50000
437
50000
50000
20
50000
19286
1
8
513
80
50000
50000
50000
50000
689
50000
36
6870
50001
50001
50000
7
4
50001
50000
50000
50000
50000
50000
50000
1
20572
50001
4
50000
50000
21641
11
50000
50001
50000
50000
4961
1415
4
288
50000
50000
50000
50000
20445
50000
50000
2800
50000
50000
50000
65
50000
50000
48
26
50000
50001
11827
2
50000
23014
1
50000
1
1
1680
125
19
278
50000
50000
50000
2617
50001
253
50000
50000
1
50000
50000
50000
50000
50000
50001
7
50001
50000
50000
50000
278
22
22
50000
50000
22840
2719
50000
50000
50000
11
63
60
13
50000
27091
372
50000
13
50000
50001
50000
51
89
3
7
50000
230
50001
50000
50000
10783
2575
50000
50000
50000
4578
1
50000
9
1
7326
50001
50000
50000
50000
50000
266
50000
50000
50000
50000
5542
50000
2935
1
50000
50001
214
50001
50001
5
25993
20
764
81
13
50000
50000
50001
196
1
50001
50000
16
50000
50000
14
1
311
4
50000
50000
1
50000
88
217
8
50000
48
2
50000
40
50001
50001
50000
50000
50000
601
861
157
60
50000
2
50000
50001
1002
20784
16132
50000
28
12
50000
6593
50000
50000
50001
50000
3
50000
50001
1
50000
50000
50000
603
50001
1
7
1085
24
34784
7
50000
50000
50001
50000
572
50000
2
50000
20718
2
50000
9218
50000
50000
289
272
1
5148
50000
10122
50000
28184
50000
50000
497
11
5
50000
1
118
82
50000
50000
50000
19746
47
8367
2
42
1
50000
50000
1
50000
10
10
312
50001
3020
102
50001
50000
50000
50000
50000
20
50000
50000
9424
50001
4
1001
50000
3588
38744
50001
50000
57
50000
135
50000
50000
2
1
178
2
2
50000
568
4241
50001
25898
50000
5
16
6535
50000
1249
2
50000
50000
383
2
6
50000
1
50001
50000
32
50000
50000
4370
1
50001
50000
50000
3
1
50000
4
50000
5
251
3223
50000
200
44
1
50000
50000
50000
50000
50000
50000
50000
382
50001
1
50000
2179
5312
50000
50001
17
50000
50001
8
50000
50000
50000
10
3
10
50000
50000
50000
50001
50001
50001
2400
50000
50000
50000
8
50000
8748
50000
66
468
50000
50000
5
11157
50001
50000
14
50000
415
50000
50000
50001
10
2
5
78
50000
50001
50000
21983
50000
50001
33284
1
23
55
8
50000
1
50000
7
21365
50000
1
1329
50000
2
50000
50000
5609
4
133
454
1
50000
50000
1407
3490
828
50000
16
1
50000
50000
50000
6637
153
50001
50000
1085
50000
50000
50001
3
2861
50000
1202
50001
6
8
145
50000
2
1
1
50000
319
50000
50000
188
299
375
4367
1
50000
73
50000
35
50001
84
50000
50001
63
50000
4
50000
3
13
50000
50001
21
50000
579
50000
33
3
1
55
50001
50001
9094
1
10242
9
5
50000
669
50000
1
50001
268
3
50000
1
50000
16589
50000
50000
888
50000
27146
50000
50000
50000
50000
1
50000
50000
50000
710
1
50000
1129
73
20
50000
50000
50000
50001
1
50000
4577
2
50000
50000
2
50000
50000
50001
50000
50000
50001
2
50001
50000
50000
57
50000
50000
50000
50000
50000
17430
50000
1910
50001
50001
50001
50001
6130
113
50000
1
41
50000
7999
3
2
40
940
50000
50000
1
50000
23
12233
50001
50000
1110
91
50000
1
50000
8
21802
1
50000
350
50000
50000
50000
50000
50000
50001
1
4331
50000
50000
6784
1
426
14860
50001
50000
4679
50000
1
15
50001
859
50001
132
50000
29015
3
15314
50000
42
96
50000
50000
50000
2888
590
50001
20016
50000
4784
80
50001
50000
50000
16
16403
9807
1
97
50000
50000
63
16
2149
8248
50001
50000
1203
80
891
1
50000
210
636
1
50000
50000
50000
19250
840
50000
50000
50000
4
80
50000
50001
2692
50001
50000
50001
50001
50001
3
50001
50000
50000
50000
189
50001
50001
50000
50000
23
50000
181
9
50000
50001
4
2977
50000
70
50000
50001
50000
50000
13319
50000
2
7227
2683
23
50000
50001
50000
50000
1
103
18
50000
50000
10609
12
50000
3
50000
5
36
620
1
1976
50000
50000
50001
50001
391
1
1
484
50000
50000
50000
50000
23
1303
46
2
50000
50001
4
50000
1
7570
50000
2
50000
3
1
50001
50000
700
5
50001
65
50001
50000
1
50000
14813
50000
33
6
50000
22112
50000
50000
50000
50000
27
2
50000
50001
1
50000
50000
827
2
50000
50000
40657
50000
50000
50000
50001
50000
50000
1
42300
50000
50001
762
50000
50000
50000
50001
50000
50000
50000
50000
63
50000
1
50000
21134
50001
39886
50001
50000
50000
50001
50000
50001
50000
50000
50001
50000
50001
10
101
50000
810
309
50000
50000
50001
50000
4
38822
50000
25
50001
2754
20
381
537
50000
50000
50000
50000
16922
50000
199
435
111
1
1337
50000
50001
81
50000
240
1392
65
50000
50001
50000
2533
50001
24517
1
50001
50001
50001
50000
50000
606
50001
50000
1213
50000
50000
16031
50000
4454
50000
1
6889
20545
50000
372
493
50001
50001
7
50000
50000
50001
1395
4
50000
50001
50000
2
1
57
50001
3
2776
50001
50001
50000
50000
497
126
69
50000
50001
7
50001
50001
50001
50000
50000
71
50000
50000
50001
14788
6171
50001
1
50000
11577
50000
50001
50000
50000
50001
50000
16483
50000
50000
50001
1
29
3632
50000
16372
50001
50000
3876
50000
4
280
1
50000
22
663
82
2623
1
50000
1
75
40
178
42
50000
50000
50000
22
50000
50000
551
50000
50000
50000
50001
50000
4
50000
50000
50000
50000
2
50000
50001
50000
1
261
50000
3
2
2
44695
1
50001
50000
4
83
43710
745
50000
2
50000
14
50000
50000
50000
50000
4994
50000
50000
50000
50000
50000
3
35
2
22
311
8
50000
50000
4674
50001
1
16696
50001
50001
50000
1
1
1
50000
26
50000
50001
50000
4788
4395
50001
15
143
50000
50000
50000
50000
7
50001
2
23
50001
1
2
9
50000
27
50001
22544
43
1473
50001
11
504
50001
50000
16522
1
50000
50001
1
4433
50000
54
1
50001
50000
54
50000
50000
831
50000
1161
523
50000
4694
50000
50000
50000
3
50000
50000
251
609
50000
50000
50000
50000
318
71
2
20
50000
50000
1
2
50000
50001
2
50001
50000
50000
50000
2
41
32
41340
418
2
50000
50000
50000
50000
50000
50001
50000
19772
50000
11
50001
50001
50001
50000
24
50001
45
1
50000
4
54
50001
50000
50000
50000
1
50000
436
50000
50000
49059
41686
30
27
50000
50000
50000
50000
5021
50001
50000
50001
50000
66
1760
1923
3
50001
50001
2
50000
50000
1
50000
7
50001
50000
50000
50000
50000
50000
50001
9066
372
50000
50000
50000
29
7
50000
50000
50000
50000
50001
50000
71
50001
50000
50000
50000
50000
50001
50000
3
50001
50000
50000
2203
50000
50000
50000
1
50000
50000
50000
50000
2
2293
8
35464
1
50000
50000
18690
2
1
3
497
50001
26
50000
50000
50001
50000
50000
1
14
50000
1670
50000
50000
117
50000
28
1
50000
50000
50000
50001
50001
1425
1
16
50000
12054
4
50000
50000
50000
50000
21
50001
50001
50000
1
50000
50000
6694
50001
4273
4
50001
50000
50000
50001
50000
50001
80
50000
12623
50001
50000
1
50000
3
50000
50001
50000
50000
50000
50000
50000
8
50000
50000
50000
50000
50000
50001
50000
44
50000
50000
2
50000
50001
712
405
1610
76
50001
14574
1
50001
3
50001
50000
50001
23370
50000
9
50000
111
50000
50001
324
50000
50000
17
50000
1521
50000
50000
21622
50000
50000
131
23
50000
8
12
6457
50001
1
1
50000
50001
10
7
50000
50001
50000
18
50000
50000
50000
50000
50000
50001
50001
50001
50000
50001
460
25
50001
50000
25
50001
7559
22
50001
9244
3
50000
33
50000
42
224
50000
50000
2261
1
4068
46
50001
50000
50000
50000
50001
33082
2153
50000
50000
1
50001
4
50000
50000
50000
50000
50000
50000
50001
7
50000
50000
50000
50000
49
604
761
50000
339
7
50001
4244
50000
1
148
856
15
32
50000
213
50000
50001
50001
50001
1
1
50000
50000
50000
40768
50001
50000
1
235
2
50001
25
31060
4724
41560
3
50001
50001
1
498
50000
50000
50000
5
2
50001
50001
50000
50000
359
50000
1
342
1805
50001
50000
50000
2
50001
50000
50000
50000
6081
50000
50000
50001
50000
1
49
1
647
50000
395
50000
50000
11
50000
970
835
50000
1
4
1
12
50001
2
50000
50000
1
8462
28792
7
14
50000
41217
50000
50000
2679
1
13512
5
493
50000
50000
50000
4
50000
50000
50000
50000
50000
50000
1
6
50001
50001
169
49390
1
50001
5
623
30010
50000
50000
50000
50000
50000
371
247
2
456
50000
18
9
50000
50000
50001
19
50000
123
50000
50000
5
50001
50001
3
50001
450
2
3843
50001
9146
50000
20134
7409
18902
50000
2
50000
50000
1
731
50000
50000
1
16
50000
6
95
50000
56
1414
1
50001
50000
50001
50000
50001
7
50000
2
1017
4
1
50000
35
4
20
1372
50001
50000
1212
50000
81
50000
4
59
50001
50000
50000
2
1
1158
1772
72
50000
50000
9
122
93
1
1
50000
50000
50000
50000
22473
50000
50001
265
3493
17
2
50000
28
33245
1
50000
50000
50000
31108
9
1139
50000
50000
7694
128
4
50001
50000
101
50001
50000
1468
1
50000
50000
50000
5
50000
339
50000
50001
50000
5
50000
4805
57
15
50000
50001
50001
50001
15779
41
4
24244
12
50000
92
50000
1
21
50000
1
50000
50001
50000
20
50001
323
5298
56
50000
6
269
50001
4007
164
276
66
50001
2
50000
50000
25
50001
50001
50000
34074
50000
3710
12
50000
50000
211
50000
16
50000
50000
11
50000
50000
50000
41651
50000
19
13667
50000
50001
50000
50000
50001
50000
50001
2
50000
8
515
1
50000
6
50001
2
1
50000
50000
18
50001
50000
50000
50001
1
50000
2
2
50001
7
50000
148
50000
50000
50000
3
50000
50000
548
50001
1
6
13
1763
50000
50000
5
1
50001
264
50000
50000
405
4297
70
146
1185
50001
16
50001
50000
50000
50000
50001
25
50000
50000
50001
251
50001
50000
106
89
50001
50000
7988
50000
50000
706
50000
50000
21
50000
94
643
50000
50001
5
718
50001
50001
50000
1
50000
50000
50000
50000
50000
50000
50000
28
1578
50000
50000
50000
50000
50000
31673
50000
50000
194
50000
24
1
50000
50000
50000
50000
23
50000
50001
50001
50000
50000
9
57
46130
50001
50000
50000
8
50000
1
50000
13575
12888
50000
50000
11
50000
7
3
50000
50001
1
50000
12466
532
52
50000
50000
50001
50000
2
21790
50001
445
50000
218
50000
50000
50000
1955
50000
1108
50000
1562
50000
50000
50000
2
50000
50000
62
50000
79
1
50000
3
2053
1
50000
50000
1
50000
50000
50000
50000
50000
50001
20
50000
50000
50000
50001
191
139
1740
1
50001
50000
4
50000
50000
50000
39266
35850
50000
50001
50000
50001
50001
50000
17
50000
50000
50000
39
190
497
1
407
602
46571
7
50000
3
50000
50000
50001
201
50000
22
4
2
52
50001
50000
2019
50000
195
50001
3
15
2
50000
50000
50000
190
361
50000
50000
50000
2
50000
50000
15110
50000
50001
53
24
165
128
50001
10
21
50000
50000
50000
50001
3177
1856
50000
1
50000
50000
50001
50001
50000
3
15
50000
50001
448
50000
1
6
50000
50000
50000
19
50001
50001
1599
50000
13
50001
50000
50000
50000
50000
5
215
78
10
50000
50000
77
17
2
50000
5769
607
50001
26715
1228
50000
50000
2
24
50001
50000
50000
2
50001
50000
20130
50001
50000
1567
50000
110
50000
1
50000
145
50000
50000
42
61
71
50000
50000
50000
50000
20830
4
50000
50000
44
50001
8831
6
50001
50001
50000
50000
50000
50001
346
7
50000
498
2
1
55
910
50000
50000
66
25999
1012
1
503
50000
3
50000
575
18375
50001
29
50000
8
16200
50001
1
649
50001
50001
4
50000
2
50000
50000
1900
50001
50000
50001
50000
4
120
453
50000
50000
50000
50001
50000
68
50000
50001
50000
1
50000
50000
6
1
50000
24
50000
26
50000
57
203
180
50000
50000
50000
50000
50000
287
50000
50000
50000
24
50001
50000
50000
50000
5996
50000
50000
12990
1
50001
1
50000
171
50000
50000
50000
50000
50000
50001
5
50000
50000
4285
1
50000
6152
2
1728
50000
2
76
50001
50000
50000
903
50000
50001
174
36
50000
50001
2701
50000
16
1
41
36211
50000
115
50000
15
50000
50000
50000
50000
289
50000
11
50000
50000
50000
50000
50000
50000
50000
3131
50000
50000
50000
6472
50000
2698
113
1
50000
879
50000
675
853
232
1
2971
28061
50000
50000
429
123
369
87
1603
1
50000
50000
50000
5436
1027
50000
50000
50000
50000
50000
50000
40
28
50000
50000
2167
50000
50000
91
50000
50000
1
50000
50000
50000
50000
29
86
50000
50000
50000
50000
50000
50000
50000
15
1
13316
50000
50001
50000
50000
50000
50000
50000
4
50000
60
12
50000
50000
225
50000
50000
1
50000
50001
8
50000
50000
50000
3481
50000
50000
1
121
50000
50000
50000
3
1
327
60
188
50000
50001
50000
50000
50001
7599
50000
50000
50000
18
6427
50000
4510
50001
17
3
50000
2
50000
50000
50000
50000
50000
23
7
50000
50000
270
50000
50000
50001
50000
50000
1
50001
50001
50000
438
50000
50001
50000
976
50000
50000
50000
50000
50000
50000
50000
1
53
50000
50001
50000
50000
20
35
5
13
1040
20723
50000
50001
1
50001
841
2
50001
1
19
1
50000
50000
27
2
50000
50001
50000
210
615
7
11
50000
32622
280
688
387
928
50000
229
50000
50001
50000
50001
111
2
598
50000
50000
10
3
1200
997
50001
50000
50000
224
1
50000
50000
50001
1
50000
50000
50000
50000
50000
8
91
6
50000
89
50000
4
50000
50000
416
50000
50000
1
17
68
8262
2363
1
12
50000
11244
8813
353
97
3
3
32
12
1
50001
2705
4112
50000
50000
50000
1
1
50000
50000
50000
467
31561
50000
50000
50001
50000
281
3690
50000
50000
50001
50000
50000
1
50000
50000
2
61
50001
1
8775
1
1
50000
2737
7
1898
50000
50000
3
17643
2035
50000
50000
14800
50001
50000
50000
50000
165
3843
50001
34808
50000
8500
50000
50000
50001
50000
50001
11623
50001
50000
527
2
50000
50000
142
50000
50000
50000
50000
50000
1050
50001
38403
50000
50000
5
1
50001
50000
709
1
40
50000
1
50000
50000
50000
2586
1
50000
8
50000
10
50000
50000
50000
50000
50000
5296
3458
946
50000
50001
50000
50000
110
50000
10972
1520
1
50001
32923
50000
50000
50000
50000
2
50001
50000
50000
6
456
50001
50000
50000
4503
50001
50000
50000
50001
367
50000
23
218
102
3
157
50000
50000
50000
1
4
12
50000
50001
3
50000
50000
50000
50000
50000
50000
44
50000
27
3
7361
50001
2
50000
50000
50000
50000
50000
50001
585
43020
50001
159
50001
1
15545
50000
50001
50000
8
50000
50000
42
50001
50000
50001
50000
50001
50000
50000
27
50000
50001
1
50001
50000
50001
50000
9239
50001
2
1
50001
50001
1
50000
1687
7
50000
50000
50000
50000
50000
50000
50000
33487
130
50001
50000
50000
2316
7
7
29440
69
50001
43108
1
50000
50001
9
50000
106
1
131
1
234
50000
1
50000
3752
7220
50000
50000
50001
50001
90
357
2
30232
37
5
50000
14
1
50000
79
50000
50000
50000
50001
211
50000
50000
2
685
50000
6926
1
16
678
50000
22385
2054
50000
7268
50001
1470
5
50000
50000
50001
17
50001
50000
3
1490
3102
809
190
50000
1409
50000
50000
50001
2
1
88
50000
50000
82
282
50000
3928
50000
2006
50000
1
50000
5152
4
50000
17378
50000
1
50001
12
50000
3
20277
4245
288
9992
7388
42
1
50000
36
50000
50000
50000
50000
50000
50000
23
50000
1721
129
50000
538
2
8
50001
50001
1637
32413
1
1
50000
22
138
27
24110
1415
10
50000
2
50001
50000
50000
6785
50001
50000
50000
1837
16
50001
74
33022
85
67
3
1
50000
68
50001
50000
50000
34598
1
50000
38
50000
50000
50000
140
37441
18362
50000
50000
250
29580
50001
2
392
50000
1015
2495
96
50000
8644
50000
127
50001
40560
14004
50000
1418
50000
44330
50000
23
50000
1255
50000
50001
50001
24
50001
50000
1
1
1
905
5
50000
435
35
50000
43
50000
50001
50001
50000
50000
99
6020
50000
1
908
680
50000
50000
9
49728
50000
684
11372
14
497
50000
50000
50000
10455
50000
50000
23557
19511
2
50000
50000
50000
50000
2254
124
50001
25
1448
50000
50001
4030
4
8
50001
50000
486
45
50000
50001
50001
50000
1
50000
50001
1
50001
544
1
50000
7
15
50000
50000
50001
50000
1
5
50000
111
12309
50000
25273
50000
69
50000
50000
50000
1128
50000
50001
1
19650
50000
252
50000
50001
50001
561
50000
50000
1
50000
1
8800
21
50001
50000
50000
50000
50000
50000
50000
1
1
50000
20881
46520
50000
18000
304
50001
164
50000
8
50001
50000
1023
1
50000
50000
50001
178
50000
50000
50000
50000
1
1
50000
50000
1408
50000
8
8748
50000
40077
50001
143
50001
50000
3
50001
56
25
3
14047
50001
1215
2
3429
50000
50000
303
53
50000
50001
40
50000
1031
45266
2
7
50000
50000
50001
14
26
50000
1
1
2108
50001
50001
1
302
150
50001
50000
50000
12
1
96
50001
50000
1
50000
50000
2243
50000
50000
162
50000
50000
38
50000
6
50000
1
50000
50000
50001
7986
50000
50000
50001
50000
50000
50000
50001
50000
15
16
16
1493
50000
50000
16
3003
7227
17
50000
132
50000
50000
50001
50000
50000
50000
50000
2
50000
66
50000
4194
50000
50000
50000
50000
9424
4
32
50001
50000
50000
50000
1
50000
50000
50000
9
50000
50001
1
2
222
50001
14418
50000
113
50000
2
50000
50000
50000
50001
91
1482
50000
50001
50000
50000
1068
50000
50001
50000
1
50000
50000
2
50001
50001
50000
32636
50001
50000
9
50000
573
50000
50001
50000
5143
50000
529
50000
50001
50000
50000
1
50000
50000
50000
1
50000
50000
50001
185
2615
191
70
50000
50000
50000
9612
64
1
9992
50000
74
2957
476
611
50000
2
50000
2771
50000
14892
50000
1275
3
50001
50000
271
50000
50000
3
50001
52
8
1
50000
50000
50000
7206
50000
50000
50000
50000
13
50000
2
52
1
50000
361
50001
4836
32
50001
50000
50000
50001
50000
50000
50001
5
50000
1556
2
50000
7
50000
2
1
50000
36
1
732
50000
12923
606
50000
930
50000
50000
50000
50000
50000
50000
400
50001
4599
50000
50001
1412
172
50000
50001
4
50000
2030
50000
853
50001
50000
50001
50000
3
24308
98
50001
1
25890
205
1
192
50000
191
905
50000
6
50001
39965
29132
2564
328
1
27
50001
50000
3
50000
50000
50000
78
50000
8578
50000
50000
565
6
50000
50000
3
50001
73
50000
2
3
50000
50000
50001
50000
261
50001
50000
5051
50000
50001
10
14
122
6
50000
1
81
3
1
50001
5234
12
491
50000
3
886
59
50001
50000
315
50000
50000
6246
12482
26302
146
50001
3241
4
50000
441
50001
45
50
50001
50000
2638
1
50000
50000
50000
50000
7
50001
3444
50000
3
1173
257
50001
50000
7
50000
50000
6
50001
7958
3302
50001
37
18271
4122
50000
1359
3
50000
50000
50000
50000
50000
50000
5766
7576
50000
1853
50000
50000
50000
108
50000
50000
1
88
9
1404
50000
20653
50001
2
4
50001
50000
50001
15961
50000
13454
50000
50000
50000
50000
50001
50000
50000
50000
50001
50000
50000
172
50000
50000
50000
50000
50001
8
22913
421
50000
51
50000
50000
50000
50000
50001
2767
50000
50000
99
3262
1
50000
380
11
50000
1409
50000
50000
1
7
50000
50000
1
50000
49925
1
50000
3797
50000
7
1
1957
50000
5
50000
50000
50001
50000
4
5501
19
1
50000
50001
2
50000
38475
12
50000
328
40
9
50000
51
50000
50000
50000
1
4
50001
63
50000
3
50000
50001
50000
2
392
50000
50000
44834
6470
50000
50000
50000
30082
50000
3
2
50000
82
4
4232
1
127
6807
50000
50000
2
1
1
50001
36600
134
117
6
3
5
50001
746
31
11470
368
50000
50000
50001
1
50000
3
16
4852
50000
50000
50000
50000
1010
5
21533
1
50000
50000
50000
50000
50000
50000
15484
50000
20
50001
50000
1
50000
50001
50000
1
50000
19
50000
50000
50000
21748
50000
4927
12973
3149
1
9
2154
6
12
4208
50000
50000
3076
20765
50000
24146
50001
246
50000
1163
50000
50000
795
102
50000
50001
1
50001
50000
326
1
50000
491
95
316
50000
15136
50000
50000
50000
50000
50000
50001
334
50000
749
50001
50000
50000
13343
50000
4
259
50000
1
50000
50001
1
50000
50000
50000
50000
50000
50000
302
50000
50000
50001
11495
50000
50000
1
50001
9
50000
9
50000
94
50001
50000
468
50000
984
50000
50000
50000
2899
50000
50000
50000
33039
50000
10
50000
3
7
50000
50000
50000
50001
3
50000
40
50000
50000
50
6
50000
35
50000
50000
23535
74
50001
50001
201
50000
3305
50000
50000
50000
50000
50000
50000
5
50001
50000
50001
27412
65
50001
204
12
50000
50001
14
4951
162
23260
50000
218
50000
50001
50000
50000
50000
2559
6
2
148
50000
6688
738
50000
50001
50000
2
50000
50000
50000
24
143
3
50000
50001
9741
5736
20
12
1415
50000
1436
371
58
50000
50000
50001
50000
584
2
50001
50000
50000
50000
50001
17
2008
50000
50000
50000
1
50000
50000
1
50001
22
50000
50000
50000
50000
50000
7
50000
38
50001
1305
38
50000
50000
18
50000
50000
50000
1363
50001
875
50001
1
15
50000
50000
50000
50000
6
39
50000
834
50000
50000
6
110
50000
10
25
1106
50001
50000
400
50001
50000
3
10
44
50000
50000
50001
194
8
1
6
50000
2
50000
50001
16
11
460
50000
13
50000
27
1
4
50001
50000
50000
50000
50000
1
50000
50000
50000
50000
63
50000
50000
207
50000
50000
50000
50000
2
38
3
22
12
154
1
3282
108
50000
3
928
9
1575
50000
1214
177
1
50000
7482
50000
4
50000
50001
50000
50000
2
50000
14978
50000
50000
50000
50000
23
50001
17
50000
1
50000
9906
50000
50001
7
2
11669
1
50001
50000
933
50000
6934
1824
50000
50001
50000
50000
38837
1434
50001
1610
50000
50000
5
50000
50000
50000
162
50000
76
50000
50000
50001
50001
50000
15
47
50000
50000
1
50000
50001
50000
242
3066
50000
50000
45
50001
60
50001
50000
50001
50000
50000
50001
5
50000
50001
1799
50000
50000
1
50000
34602
947
50000
1
38760
50000
50000
3
50000
50000
50000
50001
50000
4
50000
7
278
1
50000
50001
1
334
1
869
532
50000
4159
3
60
50001
50000
1896
1
50000
50001
69
2576
50000
6
2
12534
50000
50001
50000
18
45673
1
50000
50000
1
511
50000
50000
2157
6
50001
9771
50000
50001
8
50000
50000
50000
50000
10
62
50001
50001
3
50000
50000
50000
50000
10
50001
7
125
50000
50000
50000
6
50000
479
50000
1078
190
1904
50000
7754
2206
17308
52
50001
9
50000
211
50000
3
50000
65
41960
50001
50000
40553
50000
1
2426
50000
50000
50000
50001
17
50000
10596
50001
50000
50000
575
38067
50001
710
50000
19
50000
956
316
1
17643
3
50000
50000
50000
27
28
50000
50000
50000
50000
50000
238
1
13
50000
5350
26430
5
23007
50000
135
50000
2
27963
3524
1
28512
236
23267
1
50000
50000
2030
50000
50000
1236
169
50000
50000
41806
7
50000
573
1
50000
1
50001
50000
50000
1873
946
50000
30539
50000
33765
30
50000
50000
2
50000
50000
47531
2
50000
50000
50001
46
50000
50001
50000
50001
50000
50001
361
50000
8
5374
50000
593
1453
3421
50001
50001
50000
1
4
50001
1
50000
13
50000
50000
50001
50000
50000
50000
50000
50001
5419
50000
50000
1
339
5
24
50000
50001
1
50000
133
17
22
50001
50001
1
50000
48
50000
457
84
50000
50000
50001
2822
73
50000
50000
25425
6073
50001
50000
50000
50000
50001
50000
3423
50000
1
50001
50000
544
1
50000
50001
50000
5520
8675
50000
50001
3
20643
50000
32494
50001
50000
107
6
50000
50000
50000
768
50000
50000
163
50001
12
50000
2
50001
50000
4
125
50000
9269
50000
428
50000
2954
14
941
50001
50001
50000
1
50000
1
50000
50000
50000
50000
50000
50000
50000
1
50000
50001
67
50001
50000
50000
1
21199
98
50000
50000
837
50000
50001
50000
50001
1463
41
50001
50001
2637
50000
1
1704
18
50000
50000
50001
1094
1
50000
50000
50000
185
50000
50000
50001
25853
50000
10
47
50000
50000
5457
50001
202
50000
3131
50001
1
1
50000
50000
50000
50000
50000
7
376
854
382
50001
50000
50000
3525
1
90
50000
50000
50000
17
50000
4000
8054
50000
50001
50000
50000
2
5197
50001
50000
6
33
50000
5
50000
50000
50000
1965
50000
1319
155
9
221
5
2
50000
12
50000
338
969
1
50001
50001
903
3395
50000
381
50000
50000
50000
50000
854
50000
50000
50000
50000
50001
3809
4
50001
220
310
1
50000
50000
3
50000
2111
1
50000
50000
77
50000
50001
1
471
50000
1260
50000
1
136
2623
6102
199
50000
50000
50001
1490
50000
50000
50000
1
5
8454
1
50000
1
10
50000
50001
1
50000
4339
50001
114
50000
2
50000
1
50000
1
302
1
50001
50000
50000
50000
18239
50001
3025
50001
50001
93
50000
50000
151
50000
50001
3
50000
8463
24
50000
1
50001
50001
50001
50000
17
13
15651
50000
749
34
50000
50000
2
1
3555
50000
50000
79
194
50000
12566
50001
32
50000
50000
15
4505
50000
50000
50001
50000
50000
50000
50001
16733
1
50001
50000
2125
93
50000
82
50000
50000
3
9
50000
50001
50000
180
50001
38401
135
50000
782
4
50000
4
5692
50001
50000
366
50000
2
15490
10
50001
50000
50000
50000
50000
50000
50001
50001
50000
1
1
50000
1
13053
4
50000
50000
23
50001
50000
50000
9
50000
50000
1
50001
50000
1
37
1459
50000
27
13462
1002
4
50001
13114
50000
7
50001
50001
7
2
50000
50001
1
6142
382
50000
50000
4
50000
50000
50001
11
50000
1
50000
50000
50000
50000
50000
50000
50000
50000
50001
1
7
50001
50000
50000
50001
2
2136
4
23821
50000
1
1
8
50000
50000
40
50001
50000
4256
50001
50000
50000
4716
50000
15777
109
50001
1030
50000
50000
50001
50000
50000
5
3615
50000
39
50000
50000
50000
50000
50001
5616
217
11269
27
147
34
50001
50000
50001
50000
50000
50000
50000
1243
1
50000
1171
50000
50000
50000
33637
4
50000
50000
50000
4
50001
50000
50000
17
50000
24
50000
27
50000
5681
100
50000
4
9186
174
456
165
50000
50000
50000
50000
51
1538
96
50001
50000
1
1
14121
8
50001
50000
613
16
251
50000
1
20
50000
50000
50000
1104
50000
50000
2
50000
1
50001
50000
6
782
3925
50000
50000
50000
50001
50000
5417
50000
50001
5
2745
50000
1564
13
289
1
50000
164
7703
50001
125
50000
50000
18379
50000
1915
50000
50000
6
50000
4
50000
50001
50000
10
318
50000
1
6
9142
50000
48
73
50001
50000
50000
50000
50001
536
50000
42
1
756
50001
24
50000
1
545
6
4
50000
42
50000
50000
50000
1543
50000
19
50000
50000
2
50000
50001
50000
50000
50000
1
50000
50000
50000
50000
50000
50000
50000
50000
50000
50000
50001
50000
5075
50000
50000
50000
21583
50000
50000
2656
50000
3
5
50000
348
50000
21
31
1
2
50000
50000
50001
50000
17974
2
50000
50001
50000
145
2
9
50001
50001
50000
50000
50000
308
50000
50000
50000
50000
818
3
50000
50001
50000
3
1
50000
1
50000
50001
41898
6
2
50001
50001
50001
553
2973
50000
103
1
50000
43
50000
429
50000
50001
8
1149
8
50001
50000
50000
1
50000
8
1
50000
3029
68
50000
83
14
11041
4
738
1
50000
549
14
2227
35924
50000
50000
50000
4419
792
4
50001
50001
50001
35746
86
50000
50000
1
8
50000
50000
50000
1
1122
50000
5102
50000
50000
50000
50000
2
50000
50000
50000
50000
50001
50000
554
50000
50000
50001
94
865
50000
50000
50000
29
1
50000
50000
50001
50000
2
50000
50001
1402
15
50001
385
50000
50000
50001
1085
50000
2
50000
423
50000
50000
177
12
50000
50000
50001
50000
6045
50000
50000
50000
50000
50001
50000
23
50000
50000
205
50001
50000
1
58
50000
50000
1
330
50001
50000
50000
50001
50001
50000
7
50000
50000
1497
50001
50000
21
50000
50000
50001
50000
50000
50000
2
35
3
3
50000
1
11
50000
14412
1
10354
50000
50001
2025
734
50000
50000
50000
23827
50001
50000
10
21
50000
5
133
50000
50000
50000
50000
50000
6416
50000
50000
79
50000
30395
50000
123
50000
50000
40
4
6199
5
917
50000
95
50000
50001
50000
50000
22
1
50001
75
50001
451
611
50000
1
50000
8
679
1
16
50
6
50000
1848
15098
50000
2361
3352
50001
50001
50000
50000
50001
29179
50000
1
50001
172
3
50000
50001
50000
50001
50000
321
50000
12874
50000
50000
1416
13442
50000
50000
50000
50000
22539
50001
50000
50000
50000
27736
50000
50000
14301
45
50000
11
9
50000
50000
6
50000
2
50000
7
50001
1
1
66
50001
50000
2
50000
2
50000
1
50000
50001
50000
69
50001
50000
3
50000
50000
7194
50000
50001
6
50000
1
50001
2
50000
891
2608
50000
50000
50000
50000
2415
313
50000
1
50000
815
15501
4
50000
135
27
50000
50000
50000
50001
50000
50000
4079
36
50000
50000
1
8
50001
1
50000
4
14
310
1
50000
50000
50000
50001
50001
50000
22
50000
50000
50001
2
50000
50000
50000
237
1027
295
50000
50001
2
15
50000
50001
5997
50001
36
168
50000
50001
50000
50001
150
50000
50000
4
1302
28929
50000
286
19
50000
50000
50000
50000
1
50000
50000
50000
33
50000
7
1276
50000
25020
3607
1
1
50001
3
126
50000
3361
1
50001
6
17
50001
50000
50000
50001
3
50001
50001
2149
50000
50001
50000
42
50000
1
105
50000
50000
3765
50000
244
50001
50000
50001
50001
50000
50000
1
27443
50001
50000
5
50000
2
50000
45
1216
6051
50000
50000
3640
50000
32
454
50001
2595
6
1
50000
50000
297
50000
78
9
413
2871
50000
50000
50000
15
50000
50001
13755
74
50001
50000
5
50000
15
50001
39231
12
17462
32
769
85
22
14529
18755
40
50001
50000
19
2
70
27
50000
4
81
50000
50000
50000
630
50000
50000
50000
50001
50000
50001
50000
1180
50000
50000
18
50000
1
386
38
72
50000
50000
1
172
50000
19121
315
50000
923
16
50000
50000
50000
2
50000
50000
1
50000
50000
50001
50000
50001
137
218
305
50000
50001
14499
10637
2
50001
50001
50000
50000
644
8
50000
1
50000
50000
50000
50000
50001
50001
50000
50000
50000
50000
107
33928
6049
13071
119
50001
50000
1
1
50000
50000
177
556
138
50001
50000
23395
3
1
5301
50000
50000
390
15812
50000
50000
114
50000
50000
50000
50000
1
50000
1
55
50001
104
50000
155
50001
50000
1
1
50000
50000
9
1
50000
50000
199
1
7
2
9
50000
1089
50000
1
108
543
50000
50000
181
50000
6964
50000
1
50000
50000
50001
50001
50000
50000
50001
107
553
10
93
1871
1
50001
25
50000
50000
230
662
50000
3535
2
50000
433
455
69
1
1
67
1772
50000
50000
50000
50000
50000
50001
20
50001
1
398
50000
450
95
13
1
50000
50001
1142
50000
47
22
50000
14492
50000
48332
50000
14
307
50000
3401
50000
50000
18
12011
50000
57
50000
50000
50001
50000
50001
50000
50000
50000
1
30
13
50001
1
50001
50001
50000
50000
50001
50001
50000
50000
50000
50000
50000
50000
50000
50000
50001
293
50000
50000
38
11006
24
356
50001
172
49
76
98
32582
1854
50000
1
50001
50000
50000
50000
50000
50000
50001
6
50000
25
144
3
9
50000
50001
50000
50000
50000
50000
50000
50000
1
50000
5
3
30
9288
50001
50000
2
50000
50000
69
50000
50000
41
50000
50001
10
50000
1
50000
9
50001
50001
3
62
50001
104
50000
50000
50000
50000
50000
50000
50000
3
50000
1848
1
14
50001
50000
50000
1
10767
50000
50000
133
23
50001
50001
50000
1
11
2
50000
7
349
50000
2
30379
92
497
14
50001
50000
50000
6
4719
50000
84
15
377
4
448
50000
1
1
50000
50000
50001
24
25
5
343
3572
6
13863
36
1
50000
50001
50001
50001
50001
4310
50001
1164
118
50000
13378
50000
13226
50000
2
9
2
5
218
50000
50000
50000
1
50001
10022
13860
13
1
2
50000
50000
50001
50001
2
50000
50000
1
973
50000
471
50000
50001
89
50000
92
50000
30008
50000
1
14
50000
50001
6782
85
50000
50000
8749
50001
50000
50000
50000
50000
50000
330
46
318
3
847
17167
154
370
6
50000
50000
707
50001
11
19
5
50000
50001
17
25
6
50000
5
50000
50000
4
8
50000
2
50000
50000
12
50000
50000
50000
1
1
50000
8548
50000
50000
15
19
50000
747
50000
50001
126
50001
50000
573
50001
50000
50001
50000
50001
50000
50001
50000
41067
2
333
1
50001
84
50000
4948
50000
50000
50000
50000
1
50000
50000
50000
50000
27
850
50000
50000
1
50000
7806
60
50000
50000
1206
1
50000
2
50000
60
41
1
633
50001
50000
260
50000
50000
50000
135
50000
15377
1
50000
4
6
369
50000
34
50000
89
11
50000
50000
50001
1
50000
50001
50001
50000
23
50000
50000
50000
4858
43953
418
50000
7
50000
50000
1
1
47
50000
50001
981
50000
1
1
50000
50000
50000
50000
10655
50000
50000
34497
50000
50000
2
12
50000
6
50000
2
50000
50000
50000
50000
50000
3232
5017
12234
50001
166
50000
47
50000
13238
50000
4
50001
50000
11
174
301
2
50000
174
366
47
50000
50000
1
50001
49
50001
50000
621
49
50000
50000
50000
9
50000
6664
50000
50000
35843
50000
50000
2
510
2159
13571
50001
311
50000
3
4
50000
945
50000
11774
8539
14
1162
50000
2433
50000
50000
5
4
50000
50000
50000
50000
191
14363
14
50000
50000
50000
50001
1
50000
50000
3
50001
50000
50000
127
50000
50000
50000
173
1685
31671
25
50001
37
50001
8145
50000
50000
50000
50000
2
1
50000
27
50000
50000
50000
50000
50000
75
50001
1
593
1
50000
50000
1
4
50000
9
50000
50000
50001
50000
50000
317
50001
50000
1
50000
540
50000
1585
1
50000
50000
50000
50000
10183
50001
50000
50000
78
50000
16708
50000
50000
8
7
50000
1527
50000
50000
50000
17
50000
50001
50000
359
5
50001
50000
4
50001
50000
50000
50000
15
11
7
818
50000
50000
50000
50000
106
50001
50001
188
1
20
50000
50000
50000
50001
392
50001
50000
177
50000
50000
50000
50001
4781
130
7
50000
50000
50000
18
50001
50001
50001
1444
50001
50000
50000
50000
50000
50001
21502
50000
50000
5
50000
278
70
50000
50000
2
1144
50000
1
50000
38826
50000
50001
3
50000
50000
50000
50000
50000
26
50000
50000
1
2241
50000
50000
50000
10
1
50000
80
607
50000
16
50000
778
50000
112
18
50001
50000
50001
79
50000
50000
50000
1
37
546
839
50000
50000
2394
50001
50000
1
5
50000
50000
161
10
31
50001
11
50000
50000
50000
50000
50001
11715
50000
50000
1
50000
50000
50000
50000
50000
50000
2
137
50000
50001
50000
50000
50000
50000
50000
50000
50000
5
707
112
50000
18
50000
50001
50000
10
50000
820
50000
1
1
41
50000
318
50000
6
82
50000
50000
8370
19
50000
60
301
50001
50000
50000
50000
30295
557
50001
55
50000
50000
50001
4
50001
50000
50000
50000
50000
5493
50000
494
48211
12410
1
2
62
50000
50000
2539
50000
50000
50000
50000
50000
176
50001
50001
8658
50000
50000
52
4
20737
50000
50000
50000
50000
72
14
50000
912
50001
50000
50001
50000
1
50000
17
49777
416
50000
50000
50000
50000
50000
4
54
1583
50000
6
5
71
50000
10676
4603
50000
159
50000
3763
50000
2799
5
49097
8
50001
29
50000
50001
50000
100
50000
5763
50000
376
