50000
2
50000
50000
12620
50000
50001
62
50001
50000
1691
50000
50000
2
67
50001
14100
50000
50000
50000
50000
2
4
57
38
50000
2
50000
50001
50000
50000
50001
50000
50000
263
6
50001
50000
1
50000
1
25194
50001
5
50000
50000
50000
50001
12
50001
50000
50000
50000
50000
2
50000
50000
50000
72
50000
50000
37
50000
123
50001
2
50001
50000
50000
7
50000
50000
2
50001
50000
32
50000
50001
50001
50001
4
50000
50000
50000
50001
241
2451
50001
50000
50000
1
50000
33779
50001
50000
312
7
7346
50000
50001
50001
777
50000
50000
2
50000
950
50000
1
50001
474
20145
50001
50001
50000
50000
50000
10
50000
50000
50000
12
15842
50000
50000
50000
39119
650
8
107
50000
728
50001
50000
6823
50000
50000
1
50000
50000
25
50000
50001
24
1
1578
50000
50000
50000
50000
1
50001
50001
50001
922
3
461
50001
314
50001
1
50000
50000
6
50001
1
50000
50000
50000
50000
2
3
50000
50000
37
3
14
595
50000
10416
239
50000
50000
50001
50001
50001
50000
50000
10
3909
7
50001
50001
50000
50001
23666
48
50000
50000
50000
79
50000
225
50001
4
50000
1
19
339
50000
3
50000
50000
5
50001
27
120
50000
7
50000
2689
50001
50000
4
50001
1
50001
50000
16
2
50000
50000
50000
50000
1
113
50000
50001
89
28
50000
8
50000
50000
17496
48150
50000
50000
527
50001
3335
6
50000
1
50000
50000
128
50000
1
50001
50001
50000
50000
276
50001
502
47908
50000
50000
50000
50000
1
2772
50000
100
2881
50001
50000
50000
3550
50001
38
50000
50000
4
50000
50001
3
50000
50001
10
50000
282
489
3177
50000
50000
50000
81
50000
2
50001
50000
50000
991
74
50001
50000
1
68
4299
35
50000
3
1174
50000
50000
88
90
320
50001
90
50001
1
50000
50000
1
1
50000
2
50000
50000
864
50001
300
597
50000
51
1
2
50001
50000
104
50000
50000
50000
50001
1
1
1
8
1
50000
50001
1
15
50000
1
2
50000
50000
50000
176
50000
1
50000
50001
41
50000
50000
50000
136
50001
50001
80
50000
4
50000
19274
50000
5343
50000
50000
50001
912
1914
50000
50000
50001
50000
50000
891
50000
50000
50000
17
50000
145
50000
1424
50000
50000
50000
50000
50001
474
11
150
50000
50000
4
11973
50000
1982
16
50001
50000
50001
22
50001
50000
50000
2
50000
4
37
42483
50000
900
50001
7
33
1
50000
50000
50000
1
50000
50000
50000
50001
50001
1
11
50000
8
1942
50000
50000
50000
50000
50000
2261
50000
50000
1
50000
50000
89
50001
50001
50000
50000
21
58
50001
565
50000
9038
514
50000
35
50001
2510
50000
42
50000
1
50000
50000
622
964
50001
50001
5
50000
50000
9
50000
50001
50000
1
50000
35
50000
50000
50000
50000
236
50000
50000
1
50001
50000
50000
50000
50001
50000
3
50000
4517
50000
39
50000
50001
50000
50000
50000
50000
12401
50001
50000
50000
50000
50000
50000
192
728
2
2165
3270
6
521
50000
46
6
50000
50000
50000
6
5
34
50000
104
96
50001
50000
50000
22
4
50000
50000
50000
50000
50000
50000
6498
52
1
1
41394
21
50001
50000
1
12315
50000
50000
50000
50000
50000
50000
50000
50000
85
50000
50000
50000
27625
162
50000
50000
50000
3
2
50001
3758
1
413
3
392
1489
50000
50000
50000
50000
50000
201
12
50000
1623
48786
3089
50000
2
50000
50000
50000
50000
12
50000
123
50000
16
2
50000
2
1
34
50000
2
27
9753
50000
18
1217
50000
114
886
50000
50000
50000
50000
4
36
71
102
12
20726
255
50000
50000
50000
50000
50000
16
50001
50000
50000
50000
50000
50000
50000
5
50000
50000
50000
50000
50000
92
50001
50001
66
50000
4141
50001
50000
50000
517
50001
2
66
50000
50001
13
50000
50000
50000
29
14
50001
49
255
16078
22
50000
407
50001
146
50000
50000
17
50000
50000
21089
50000
50000
9
50000
1853
50000
49100
50000
50000
50000
14
50000
9
18810
2
50000
50000
50000
26191
434
33
50000
130
50000
50000
17
73
1
1
6
8
50000
50001
18294
50000
2
50000
2
273
50001
1
1
50000
2262
50000
50000
815
50000
50000
50000
45
50000
1
50001
50001
130
3
689
50000
50000
50000
50000
50000
50001
50000
50000
81
123
50000
50001
2410
50000
1977
3065
33425
30670
50000
2
50000
10
30
50000
50001
50000
3
34
50001
9
50000
50000
50000
50001
50000
460
50000
50000
1
50000
50000
50000
8
26
50000
1
50000
50000
50001
50000
50000
50000
50000
3
254
50000
2
50000
50001
50000
50000
404
148
60
50001
13001
1
50000
7
50001
50000
50000
50000
14561
1072
50000
50000
2
10
50001
50000
50001
50000
782
50000
50000
1
39
50001
50000
50000
2
2
1
50000
50000
4
50001
1
50000
50000
50000
856
50000
50001
50001
540
1
8
50000
616
173
50000
50000
50000
3
50001
50000
227
4477
50000
50000
50000
4
17
50000
676
50000
291
50000
1884
50000
1
50000
50000
1371
50000
1384
50001
50000
2
50001
50001
50000
50001
87
72
20
1
1
2
87
50001
116
50000
8068
50000
50001
50000
50000
50000
50001
50000
50001
50000
50001
50001
105
313
2
50001
15672
50000
50000
50000
36
50001
50000
50001
50000
50000
50000
50000
50001
1559
73
16
50000
4907
13
180
23143
404
50001
50000
50000
159
50000
404
4
3
50000
1
50001
50000
50000
50000
50000
9229
6
240
50000
1
50000
578
1
50001
1427
13
50000
50001
20
50000
50000
50001
2
31
4
26
4
50000
50000
50000
1
50000
50000
1
6
50000
1
50000
6
54
5750
12440
31
1
50000
50000
50000
50000
5
1
50000
19
50001
50000
52
2
5
50000
50000
50000
50000
50000
50000
2
50000
50000
50000
80
8
50000
50000
43
4
50000
50000
50000
50000
4
50001
50000
50000
50000
1
238
50000
56
50000
50000
32
50001
537
50000
50000
50000
8
50000
50000
50001
50000
21785
50001
11
50000
34
50000
1
50000
119
50000
50000
50000
50000
1
3454
46
50001
50001
50000
50001
50000
50000
50000
25
4
32
50000
50000
4
50000
50000
132
50001
809
50001
1
50000
1
50000
1
1
131
4
50000
4
97
1
50000
50000
50000
50000
50001
554
417
50000
50000
1
50000
50000
3
3
42
1
50000
6970
690
71
3
406
50000
50001
50000
50000
16
14
28
50001
6
1
22
50000
13
50000
28
50001
50000
50000
50000
6055
50000
50000
50001
37
50000
96
50001
50000
61
50000
8
1
24
50000
50001
50001
28349
50000
89
50000
50000
50000
3
6128
2
50000
50000
50000
50000
50000
50000
31
27991
50000
50000
50000
50001
415
4680
50000
50000
50000
2
8
50000
2
50000
156
50000
50001
50001
50001
1704
1
43
5
50000
50000
50000
50001
50000
50000
50001
12191
50000
9
50000
50000
50000
1885
50000
943
50001
7
4171
1424
50000
50000
50000
50000
50000
50000
3
50000
50001
50001
9600
50000
93
50000
50000
50001
39
50001
34585
356
50000
50000
50001
50000
5
7813
27
4
50000
401
1
220
50001
50000
3354
25708
50001
11
317
3715
50001
50000
50000
50000
2175
50000
50000
50001
50000
42388
50000
50001
8984
2
82
50000
1
50000
5
50000
50001
50000
1
50000
50001
50001
15
50000
50000
50000
9548
50000
50001
59
9
50000
786
50001
11
29855
7
21
50000
1
6
22
313
50000
50001
35235
1
50001
50000
50001
62
50000
50001
50001
24
50001
50000
50000
33
140
1909
9
50001
57
50000
50000
50000
50000
50000
50000
50000
50000
32
50000
50000
50000
50000
50000
50000
50000
107
50000
50001
50000
50000
50000
5027
50000
50000
50000
50000
20
50000
799
137
50000
1
50000
195
2
50001
50000
50001
50001
50000
50000
369
75
11587
50001
2
50000
65
50000
5452
1
1
1
50001
50000
2
243
50000
50000
1
50000
50000
50000
86
1
980
50000
22
1
50000
5518
50000
2641
50000
16
50000
50000
50001
50001
50001
50000
49026
66
50000
548
19497
11
50000
50000
50000
50001
50000
50000
50000
50000
50000
50000
50001
50001
50000
50000
50000
50000
50000
50000
50000
50000
91
50000
203
50000
3
50000
50000
50000
349
2968
7
50000
50001
1
9977
50000
2497
12
3673
50000
50000
50000
723
50000
50000
20
50000
2
1
1
50000
2
50000
2
50001
50001
18
116
50000
50000
50001
50000
65
50001
6
50001
50000
4735
144
50000
50000
173
50000
38575
1
50000
50000
2360
50000
50001
50000
4185
3262
50000
50000
50000
1
1
13
1
50001
9
50000
1
50000
980
50000
50001
50000
5908
50001
14
1124
2
50000
50000
219
589
50000
50000
11
156
32645
16
2
22
2
50000
840
248
1173
50000
1
20063
1
1
192
50001
50000
4564
50000
50000
50000
50000
50000
330
3
50000
2
1
12
50000
50000
1
50000
165
50000
50000
50000
50000
50000
1
50000
50000
50001
50000
50000
1
2
2482
7956
16
17
50000
50000
50001
50000
1
86
50000
4
1469
50000
17
50000
50001
50000
50000
4
50001
16
50000
50001
50000
9
540
103
50000
50000
50000
50000
50000
50000
50000
168
2
7
50000
50000
385
133
50000
2
34
1
61
4
50001
50000
25
50000
50000
50000
50000
50000
50000
50000
50001
168
50000
89
50001
150
50000
50000
1
50001
229
1
50000
3
50000
50000
50000
50000
50000
50000
3
50001
12022
50000
303
3714
50001
1
50001
50001
3
1
1
50000
50000
50000
50000
50001
50000
64
283
50001
50000
1108
50001
118
50000
66
50000
3984
50000
761
50000
25
50000
50000
50001
18
1
1
7
9222
50000
50000
50000
50000
50000
50000
11428
50000
12
50000
16
17
1094
4
50001
8
50001
10
50000
50001
207
50000
1264
1
47
31
817
50000
50001
50000
50001
50001
51
50001
50000
12
4771
313
50000
50001
523
1
670
50000
50001
50000
55
118
50001
30889
3
12
2
50000
5522
56
50001
50001
50001
50000
10
87
3
50000
2562
3
50000
18
1230
50000
50001
8
50000
50000
1
43
50000
6
4
50001
3470
50000
50001
50000
50001
50000
370
14
4263
50000
4
50001
6
589
50001
9
50000
50000
50000
63
77
50001
22
85
6217
50000
50000
50000
14
50001
50000
50000
50000
1491
50000
50000
6
50001
50000
50000
50000
50000
50001
50000
50000
50000
50000
78
8873
50000
50000
50000
50000
9
50000
1
50000
14822
15410
50000
50000
7
8109
50000
50000
50000
7
2
12310
2
1
20
50000
122
147
20574
73
50000
1
1
1
50001
50000
23480
50000
4
50001
886
1200
50000
1
50000
50000
93
163
50000
50001
50000
13
50000
50000
50001
1
50000
50000
50000
50000
2160
8255
50000
24874
1
2
23
1
40
1
50000
50000
145
5
50000
2
1
383
50000
4
26
1080
50001
50001
50000
11477
50000
50000
50000
50001
6906
31
1465
24
581
50000
21
50001
50000
2
50000
50000
50001
61
65
13
50000
50000
50001
3
50000
4240
50000
524
48
50001
19
50001
1
3
50000
9989
57
50001
1829
50001
50000
1
50000
619
228
50000
20
50001
656
50000
50001
50000
50000
1
1
18
50000
50000
8585
50000
50000
50000
50000
7
50001
1271
1
50000
859
50001
50000
43
143
50000
50000
50000
50000
50000
50000
50000
50001
47
50000
7
50000
50000
50001
111
7
50000
311
50000
50000
16
50001
50000
50000
37
50000
10
50000
8
50000
138
49
50001
50000
50000
38
2
50000
190
50001
4
155
50000
50000
50000
50000
50000
6
4743
114
139
50000
50000
50000
276
1
116
47171
20964
50000
50000
6701
27954
50001
13
50000
50000
50001
50001
50000
50001
50000
13
10896
50001
1
12
50000
50001
50000
25
50000
50000
1583
76
1
50000
50000
50000
50001
50000
1
50
50001
50000
12308
9
1
3
15
963
50000
16
50000
50000
50000
2
50000
50000
50001
50001
8139
50000
5
479
2
50000
50001
3
50000
50000
50001
50000
38125
50001
50001
1
68
79
50000
148
2
25369
50000
50000
50000
3
50000
1393
493
1
2
50000
32
50001
50000
3537
50000
50000
50001
50000
5780
6
9
1
50000
50000
50001
50000
1
6
19
43
50000
50001
50001
50001
50000
574
105
7
50000
428
50000
50000
2176
50001
50001
50000
50000
1
50000
50000
50000
50000
50000
238
140
5415
50000
50001
50000
50000
50000
6
5
15
7851
496
46
29
50000
50000
50000
50000
50000
11762
15
20162
1
1
50000
70
50001
4
50000
1
50000
427
1
50000
48
7644
50000
8
50000
21112
50001
1786
50000
50000
5
312
31
1
50000
50001
50000
50001
50000
11533
50000
50001
50001
11
1607
258
50000
50001
3748
50001
50000
16125
50000
11
50001
50000
50000
50000
50000
50000
50001
50000
50000
50001
13
111
62
50000
50000
50000
50000
4004
50000
50000
1
50000
39057
146
50000
50001
50001
3
7
50000
1
50000
50000
50000
50000
50000
1
1
1
1
50000
50001
4
50000
50000
50000
50000
2198
50001
50000
50000
50000
19869
50000
50000
26
50000
4
50000
36
50000
26
50000
50000
7
192
50000
2
50000
50000
50001
50001
50000
50000
50001
90
50000
20
50000
9977
11
50001
50000
50000
50000
50000
50001
50000
50000
50000
775
50000
386
50000
750
50000
21
50001
50000
50000
50001
50000
50001
50000
50000
50000
1
50000
50000
50000
50000
50000
16
50000
50001
197
50000
5
50000
11020
50000
50000
50000
964
50000
16
268
50000
5
50000
50001
50000
50000
50000
50000
50001
10
50000
50000
77
74
1
50000
50000
18747
5
50000
78
50001
50000
50000
14489
50000
50000
50001
2
69
2
50000
50000
10968
5889
27
1
50001
50000
8
50000
1
50000
50000
2
9533
50000
325
5
50000
5
50000
50000
50000
50001
50000
19965
50000
115
50000
1
70
6357
645
50000
2048
2455
50001
50000
50000
50001
50000
50000
50000
1
50001
437
50000
23
105
50000
76
1688
50000
1
38
50000
77
2061
2
1
50000
1754
50000
50000
946
50000
50000
50000
50001
50001
50001
3607
7
50000
50000
50000
50000
50000
11
50000
50001
50000
50000
13
10
50000
50000
2
15
50000
50000
50000
32
50000
50000
50000
50000
50001
50000
50000
12031
14
50000
50000
2106
2
50000
9
50001
50000
50000
180
9
459
50000
50000
11
50001
50000
50000
50000
50000
17
12
6
50000
50001
8218
50001
50000
50000
50000
50000
50000
41
2567
50000
50001
318
1
73
50000
6
50001
3
79
3
3906
116
50000
50001
50000
50000
1
50000
975
50000
50001
50000
50000
1863
5443
50000
50001
50000
50001
50000
26
3
50000
50000
50000
50001
50000
50000
1
50000
50000
50001
50000
35
1
50000
1
1363
50001
50001
50000
50000
22802
50000
50000
14
50000
13
50001
50001
2
50001
50000
50000
50000
50000
64
32
852
50000
50000
50000
50000
50000
50000
50000
12
1
2
3
28
9
50001
50000
50001
2
4
29
2
10
50000
50000
5506
50000
400
1616
1
8
22897
50000
50001
50000
50000
50000
50000
50001
50000
2
1
50000
50000
50000
27
50000
1
50000
50000
85
4
50000
50000
50000
50000
275
311
50000
41
7
267
50001
50000
50000
14
50000
1
2427
2
104
50000
50000
50000
50000
1540
50000
499
1209
1
19410
50000
50001
50001
50000
50000
50000
50000
4901
16
50000
50000
50000
50000
50000
50000
50000
2
50001
50000
50000
50000
50000
50000
50000
50000
50000
50000
50000
50000
7
1
50001
50000
50000
50000
50000
2690
50000
77
128
50000
50000
50001
50000
50000
50000
21
50000
50000
50000
38
50000
50000
756
50000
50000
50000
50001
50000
50000
101
50000
75
1
185
28
50000
50001
50001
16470
50000
50001
50001
2
1205
69
22
14771
50000
16
7188
1
137
50000
50000
50000
17100
2
50000
5219
1052
50000
50000
2221
50001
5925
18
50000
14
50000
1
15
6514
4
8
259
50000
50000
50000
50000
390
50000
50000
35
8
224
50000
50000
50000
380
5
717
50001
1
216
2530
50000
50001
4
694
50001
2
2
50000
19841
26
50000
22
50001
28482
50000
50001
50000
40398
58
50000
1894
50000
3
50000
50001
50001
50000
50000
50001
50000
32
3
50000
50000
50000
2
4
50000
50000
50001
9672
50000
72
50000
50000
50000
50000
50000
1
3
50000
50000
3613
3
50000
50000
50000
3
50001
50001
50000
1
50000
50000
247
50000
11
50000
50000
1729
50000
198
175
50000
50000
50000
50000
50000
50000
33
50001
50001
50000
50000
10
85
50000
4
50000
50000
335
50000
18205
50000
50000
50000
50000
50000
50000
50001
50000
50000
9
50000
50000
50000
1
50001
50000
10
61
35038
50001
384
50000
20
50001
50000
50000
7
50001
50001
50000
50000
50000
50000
14
1415
50000
50000
50000
73
50000
15449
50000
62
50000
50000
3798
1
732
50000
50000
50000
50000
50001
427
50000
50000
50001
10
12
3
50001
50000
28
61
1
11
50001
17
50000
50000
6
50000
50000
50000
50000
50000
50000
50001
50000
50000
5808
50000
1
50000
50000
50000
50001
2
50001
50000
50000
22929
7396
50001
50000
50000
50000
4071
14503
50000
50000
50001
1
50000
50000
5
21
758
50000
50000
50001
29
50000
435
50000
50000
5
1
50000
50001
50000
1
2390
50000
50000
50000
60
50000
50001
50000
50000
50001
50000
17585
50000
50000
50000
520
24
4800
1
50001
1
50001
23564
1
50000
50000
50001
1
14
50000
16
50000
1
50000
50001
50000
1215
50000
50000
50000
1700
388
37
50000
8
86
2
50000
50001
50000
50000
50000
50001
50000
283
230
24
32
319
50001
50000
56
50000
50000
50001
50001
15526
50001
15330
50000
157
1
50001
50001
50000
19481
50000
2
50000
18285
50000
50000
31
50000
50000
254
50000
50001
50000
50000
1841
50000
3
245
1127
4623
3
2
48
12
1
166
73
50000
50000
50000
50000
50000
50001
50000
31
50000
50000
3
1098
63
50000
50000
50000
50001
50001
50000
26
50000
7
15596
1
50000
1
50000
50000
50000
50000
1
2
50000
50000
50000
50000
50000
50001
50000
50001
2
58
1755
50000
50000
19353
50001
50000
50001
1
50000
50000
460
50000
514
50001
50000
224
28
50000
582
803
10441
50000
2
50000
6
171
50000
50001
50000
50000
50000
50000
50000
50000
50001
16420
15300
123
50000
50000
3000
50000
1
50000
50001
50000
50000
50000
145
5714
50000
206
50001
50000
50000
50000
50
50001
50000
1
2696
50000
50000
20
3477
1856
50000
50000
22
50001
50001
50000
489
16184
9
82
50001
50000
7637
50000
25
50000
1
16332
50000
50000
50000
50001
1
50000
50000
50001
50000
10
8
1187
5
50000
50000
50001
42728
50001
803
23
45
4
50000
50000
4476
50001
50000
50000
50000
50000
50000
50000
50000
2566
1
50000
50000
50000
311
50000
1
50001
50000
50001
50000
50001
50000
2196
169
50000
1589
50000
50000
50001
1
50000
2
1004
2706
50000
2426
50000
50000
104
50000
5
147
65
50000
50000
3
50000
274
50000
8
50000
50000
50000
50000
7
50001
50000
13
4
50000
18511
50000
50000
50000
3020
50000
7709
2
5
1
3
50000
50001
1
2
15606
50000
1
50000
51
4532
50000
50000
50000
1
79
16803
766
50000
11110
50000
4
50001
1
17
68
50000
50000
50001
4387
23
50001
526
151
50000
11069
324
50000
50000
3
50000
50000
1
50000
50001
57
50000
276
50000
9069
50000
50000
50000
50000
50000
50001
50000
4
50000
50000
50000
50001
659
4158
1
5
2
1010
102
54
21
50000
50001
50001
50001
2
50000
9
50000
50001
50000
18052
50000
31
50000
13
50001
50000
50000
50000
50000
50000
50001
50000
1053
50000
50001
50000
50000
49
11710
50000
50001
86
1
1
2
50000
50000
51
50001
1
50000
50000
50000
480
50000
50000
3
50000
50000
50000
50000
50000
1
50000
8643
50001
220
418
207
50000
1337
50000
50000
27290
1
50000
50000
50001
50000
25
153
50000
50001
50000
1
1
50000
27
1
14440
29
15
644
27
50000
50000
50000
659
3191
50000
52
50000
50000
3
50000
730
50001
10
50000
3
50000
50000
50000
50000
50000
1
50001
467
50001
50000
16663
50000
772
19
50000
5632
3
50000
50001
50000
12398
50000
2
50000
21641
50000
2643
21
50001
1956
50000
50000
50001
2
50000
50001
50000
50000
50000
24
209
50000
9
52
50000
50000
1
50000
1122
50001
50000
1
6945
50000
50000
4
50000
88
50000
2
50000
50000
1
74
7450
50000
50000
50000
50000
4
50000
37467
1
21
50000
50001
19
2
50000
1
134
50000
2
50000
5
50000
50000
29
30815
50000
50000
50000
50000
50000
1
2019
100
1638
466
47
50000
50000
50000
1086
1259
35568
50000
15
1
50000
50001
2189
13874
50000
1
50000
50000
50000
50000
50000
50000
1552
149
50000
50001
50000
50001
50000
5
4
418
50000
29651
148
33
11
1
1
35
50000
50000
21
50000
50000
118
50001
50000
50001
50000
2
50000
50001
30
50001
87
50000
46747
1
50001
50000
18
44
4991
3
50000
50000
50000
50001
5
350
50000
8
50000
50001
7718
50000
228
50000
25
67
55
50000
50000
50000
50001
11834
50000
50000
50001
59
117
50000
50001
50000
50000
50001
50001
792
50000
50000
50001
50001
2
943
50001
33
50001
1
50000
50000
50000
50001
50000
50000
50000
50000
50001
72
50000
5
752
50000
35
2
5
1
50000
50000
50000
42
14
50000
50001
50001
50000
50000
50000
1
20
50000
50000
788
1
1788
50000
50000
50000
50000
1484
351
50000
50000
50000
50000
61
16280
50000
50000
50000
50000
3147
1
27504
50000
11
50000
1
50000
50000
61
581
17
50000
50000
50000
50000
201
50001
50000
1
3
50000
50000
50000
50001
2
10
50000
2123
52
50000
50000
50000
34
1
51
50000
50000
50001
50000
7888
19
50001
252
6498
50000
50001
15
2463
1
50000
50000
8
50000
50000
50000
30
50000
8
50001
50000
3
8460
39573
50000
50001
50000
50001
3471
206
22
3117
1778
13334
1
7407
137
3482
554
19548
1
23046
67
19
50000
50000
2
50000
757
4
2965
505
50001
50000
1
50000
50000
50000
50000
1
50000
13209
50001
598
2756
50000
50000
78
66
50000
50000
50000
4
1
2715
50000
1770
505
50000
2
5218
1
50000
50000
50000
50000
24461
50000
50000
50000
50001
162
50001
50000
1
50000
17
50000
50001
50000
1
50000
140
50000
77
50001
50000
50000
50000
17
1
50000
50001
41101
2
50000
50000
50000
50000
3344
1
50000
50001
50000
50000
50000
50000
50000
50000
50001
7616
50000
50001
50001
3
4
50000
12
1137
1992
2
50000
305
50000
1
13548
50001
50000
2079
2
50000
50000
235
1408
50000
50000
50000
50000
50000
8
17
50000
50000
50001
50000
159
50000
50000
50000
208
15
50000
50000
50000
50000
39
50000
495
50001
50001
50000
50000
50000
1293
191
50000
145
50000
196
50000
1
3
5127
40351
50000
50000
9
17
50000
50001
2888
50001
320
50000
12
1
7668
50000
50000
50000
87
50000
50000
50001
50000
84
61
18
50001
50000
50000
50000
50000
12806
1
2
7
50000
50000
50000
4
5
50000
16446
1
50000
884
2
2
50000
36
50000
50001
50001
50000
50000
1584
50000
50000
6712
50000
50000
50000
20040
3
2
1
11
50001
3
6
7585
2
50000
50001
70
8
50001
12
10041
50000
50001
50000
267
3729
1
50000
50000
1
50001
4600
50000
49697
50001
50000
1
4
57
1
50000
1
50001
50000
59
1
50000
6
10
45
50000
50001
50000
2
50000
66
50001
50000
50000
21
50000
21
50001
10700
1
50000
50000
58
50001
50001
50001
50001
50000
50000
13
50000
50000
50000
9
50000
50000
50000
1
50001
50000
50000
1
50000
50001
50001
44
50000
50000
50000
37
3
794
1
50000
189
50000
50000
30
50000
50000
8608
50001
50000
8795
50000
3064
50000
78
50000
50000
58
741
50000
50000
1
50001
50000
50000
1
1641
50000
1
50000
50000
50000
17
6
50000
160
98
50000
100
369
50000
50000
13
50000
206
1243
24
885
50000
1894
50000
50001
2
50000
50001
50000
50000
1
1
50000
160
50001
50000
50001
50000
50001
50000
4062
50001
50000
7
50000
50001
22
212
2717
173
50000
50001
29
50000
50000
5
50000
1
50000
76
1
50000
50000
50000
50000
16
93
91
50001
50000
34
50000
50000
50001
50000
20
50001
32
50001
50001
50000
2
50001
15
50000
50000
8427
106
50000
50000
74
42
4
50000
58
50000
50000
50000
8
3
1
14
50000
50000
50001
50000
50000
9066
8329
50000
50000
30
50000
50001
10
50000
11343
50001
50000
50000
4
87
12
50000
1
50000
50000
50000
5413
11012
50000
50000
126
50000
50000
50000
50001
1
24
1
50000
50000
537
50001
50000
50001
50000
50001
50000
402
24
5457
194
1274
3176
5
10
25825
50001
1
50000
50000
50001
50000
34
2
50000
88
16
1
50001
9
50000
2
34
700
50001
8
50000
2
50000
50000
50000
50001
50001
50000
10
13278
50000
24957
50000
1
50000
50001
236
11012
50001
2
10
50000
1
50000
50000
50000
50000
50000
13004
50000
7811
50000
50000
69
61
4
50000
50000
8
50001
3
86
788
50000
23
16108
50000
50001
7
50000
50000
837
1
50000
50001
50000
2
2
50000
1472
11
50000
50000
35
130
27
50000
632
50000
50000
50000
50000
50001
50000
50000
50000
50001
10
50000
50000
50001
50000
1
50000
50000
2
10
50000
50000
50001
3573
2
50000
50000
50000
50000
1754
2
50000
5
1
2763
35
570
50000
18
50001
421
79
50000
50000
30
41
50000
50000
50001
50000
50000
136
50001
50000
50000
50001
135
50000
42
3
42
31
56
50000
9
5
50000
50000
967
3
50000
50000
1
50000
1441
6
50001
8470
50000
50000
3888
50001
50001
26
50000
50000
50000
50000
50001
33
50000
50000
24329
5
50000
50001
1
50001
50000
159
50000
50000
50000
50000
50000
1
50000
50000
211
50000
11674
50000
50001
50000
378
25164
50001
50001
50000
50001
50000
50000
2720
50000
50000
7
50000
2389
1
50001
2
54
50000
1
50000
50000
3614
50000
50000
50000
2
50000
50000
50000
50000
1
50001
50000
50000
50001
223
121
2
50001
50001
50001
50001
15
50000
1
17
50000
738
50000
4
45737
50000
39068
109
50000
4
50000
323
50000
6
50000
69
50000
51
4
4
81
18
50001
50000
50000
50000
5
50000
722
50000
50001
236
5088
7
50000
50000
50000
50000
50000
50000
458
50000
50000
50000
20
50000
9
50000
50000
50000
1
50000
50000
121
5
50001
50000
6
50000
50000
50000
27
7
50000
6156
50000
50001
50000
50000
50000
50001
50000
1
6
50000
50000
114
50000
50000
135
50000
50001
50000
17301
50000
50000
50000
50000
1
50001
50000
50000
50000
50000
50001
50001
1147
50000
1
50000
2
20053
50000
9
50001
50000
1
81
50000
50000
50000
50000
18706
6309
50000
50000
1254
1
50000
50000
5
50000
50000
50000
50001
21
50000
50001
74
16
50000
949
26
50000
24
50000
4104
50000
50000
70
3649
50000
50001
261
2
4152
50001
50001
3
50000
50000
50001
50000
117
50000
116
50000
50000
50000
50001
50000
50001
2283
129
12501
50001
50001
1
50001
7
180
111
50001
50001
1
50000
50000
50000
50000
50000
5
11092
50000
50001
50000
7128
50000
50000
50000
50000
50000
4
50000
50000
50000
50001
50000
9113
50000
50000
4343
50000
50000
887
3318
50000
19607
50001
50000
1
50000
18240
3651
50000
50000
50001
45
50000
50001
50000
50001
50001
50001
5
50000
13975
50000
50001
33166
50000
50000
144
16104
50000
50000
50000
50001
50000
1
52
50000
205
1
50001
50000
50001
50001
50000
91
50000
50001
50000
50000
274
16949
6327
140
50000
50000
101
50000
10
50001
50001
50000
50000
1473
1
378
25
1
50000
1
50000
12
50000
50000
50000
50000
50000
35
50000
50000
1
8
50001
50000
50000
50000
1
50000
50000
50000
23
549
50000
1
209
300
480
50000
50000
50001
1307
1
50001
50000
50000
1
50000
50001
50000
50001
50000
38404
2
4889
50000
50001
4427
50000
36
50000
796
50001
50000
1
50000
50000
35
26
6792
50000
50000
52
50001
21
50001
7
1362
4
50000
50001
7603
2
50000
50000
48
1
50000
21
50000
50000
202
54
50000
54
50000
50001
50000
50001
966
50000
50001
50000
50000
50000
524
17
50001
50000
2992
20
50000
1
13329
3
50001
50000
10
50000
50000
50000
50000
50000
50000
8
1
50001
50000
50001
2639
50000
50000
50001
10955
50000
50000
50000
28760
9
261
50000
50001
50000
30
2
50000
1
50000
9
50000
50000
50000
50000
50000
63
519
50000
28815
50000
50001
50001
50000
378
51
50000
50000
50000
50000
21
50000
44
111
6
3
10
19
1
50000
1
130
2
50000
9
551
50001
48438
299
50000
1046
95
50000
50000
50000
8156
50000
50000
50000
50001
773
55
50000
36
50000
329
50000
50000
50000
7
50000
214
50000
50001
50001
98
50000
46696
50000
50000
33799
50000
50000
50001
50000
50000
50000
50000
50001
50000
50000
1
50000
9
118
50000
1
50000
50000
50000
50000
50000
3
1285
44240
5
7380
5
5784
1
50000
352
293
50001
50000
1
1
68
13
50000
50000
730
2822
14
21623
50000
50000
50000
50000
10439
1
50000
50000
50000
39791
483
50000
10
50000
50000
50001
42
20
50000
1
50000
50001
15
4
8
6
50000
1
50000
50000
50000
50000
29
50000
50000
50001
1
1
50001
1
4
50001
50000
148
50001
50000
1
50000
50000
50000
16
50000
42799
154
50000
50000
50000
50000
50001
50000
347
50000
50000
886
7
50000
50001
50000
7638
50001
50001
90
20
50000
50000
50000
50001
50000
164
773
4461
50000
4
50000
2
50001
2
50001
50000
1
50001
50001
50000
50001
120
50000
72
194
50000
50000
50001
50000
1
50000
25297
14
50001
1
50000
6105
50000
50001
1489
50000
50000
50000
50000
23
50000
50000
8
2123
69
50000
50000
50000
3
50001
50000
50001
809
1
50000
1598
50000
50000
50001
50000
36
50000
50000
50000
50000
50001
2
77
108
50000
97
4367
50001
50000
46905
3377
50000
50001
8
3446
50000
50000
50000
50000
70
1
1195
159
50000
5
1401
1
50000
1
50000
294
1
50000
50000
50001
50000
50000
50000
50000
50000
50000
50000
50000
2
50000
2
50000
50001
37
50001
50001
50000
50000
1523
13
50001
50001
50000
50001
50000
50000
50000
2
50001
7
116
683
100
50000
50000
50000
50000
1353
50000
50000
50000
50000
3
33
2767
1
50000
2
893
33
18580
50000
7
1686
50000
4
11
50001
1874
50001
50000
50000
2
4011
7
34
1
50000
50000
50000
11400
50001
50000
5711
50000
18
50000
50000
50000
59
50000
50000
268
50000
50000
50000
1172
3348
7892
29839
9505
50000
50000
50001
50001
50000
50000
15
50001
33273
11
50000
50000
50000
50000
7912
18
23
1163
9
50000
3
670
50001
110
11
50000
50000
50000
1311
50000
50000
50000
5
40404
50000
50000
50000
50000
2258
1
50000
835
50000
9
50000
50000
744
1
17487
50000
20
50000
50000
1
50000
803
50000
50000
32988
50000
11756
50000
50000
50000
3207
8
108
1
50000
569
1
50000
864
1
2
40150
50001
50000
50000
3415
50000
50000
141
50000
22
50000
50000
76
14
386
4
50000
1
3
50000
1
50000
1
50000
50000
1
1
1
50000
19370
95
4
50000
8
50000
1570
50000
50000
50000
12
189
50000
6
50000
1
50000
50000
658
50001
9438
6
50001
50000
19
50000
50001
1
123
50000
50000
50000
50000
50000
50000
10
2
50000
50000
1
50000
50000
50000
50000
133
50000
50000
1
4
6
3
50000
9809
2061
1021
30
50000
50000
50001
91
42086
50000
50001
118
4
50000
50000
50000
25
12402
37
50000
50001
50001
50000
50001
35664
50000
50000
50001
50000
50000
50000
20405
1
50000
50000
50000
50000
50001
50000
50000
50000
50001
19
11466
50000
50000
50000
50000
87
3
50000
49
50000
50000
1
50000
50001
50001
3
50001
534
41
50000
60
50000
31
50000
59
50000
50000
4
50000
50001
2
37
50000
50000
50000
4742
50000
50000
50000
21
12
50000
50000
50001
1
50000
50000
2
12
50000
87
50000
69
50000
1
26
50000
50000
231
50000
38
50000
50000
50001
50001
50000
7
50000
50000
50000
50000
1
87
50000
50001
878
50000
50000
1
50000
50001
50000
9
50000
50000
4
50000
50000
50000
21
21620
50001
13
1
36
50000
50000
130
653
3264
50001
1
192
102
50000
50000
50000
50001
20
50000
50000
50000
50000
50000
50000
50001
50001
50000
50000
50000
50000
50000
50000
50000
50001
50000
50000
50000
9
50000
50001
50000
226
2
50000
50000
360
50000
288
50000
50000
3
50000
1
3
50000
22
50000
50000
1
50000
50001
25795
50000
50001
1
50000
875
50000
1557
50001
49
50000
7
50000
50000
50001
50000
960
50001
11
50000
50000
50001
286
3310
50000
50001
50000
50001
43692
50000
218
146
50000
708
50000
50000
50000
60
3044
50000
1389
1412
10339
50000
50000
50000
12750
50000
50001
50001
50000
1006
50000
1887
3963
50001
2
50001
50001
50000
50001
50000
13436
2378
1
3
513
50000
4
50000
50000
2
50000
26
50000
1
50000
10
1
50000
50001
50000
1
50000
2303
46411
18767
50001
5
11
50000
1
50000
50000
50000
87
50000
50001
50000
50000
13
8
50000
1
12355
13
1
50001
50000
9
50000
50000
50000
15
50000
20160
2
50000
50000
50000
1
50000
50000
2184
1
50000
1
50000
16
50000
50000
50001
21453
50000
1
50001
47662
50000
50000
50000
50000
50000
24215
50001
50000
50000
221
50000
50000
51
50000
50000
1
1
881
11119
50000
931
291
102
50000
280
1
3
50000
309
50000
180
43726
22
41985
50000
22
436
2
1
50000
50000
50000
50000
20
1
50000
1
50000
50000
3
7126
50000
1
50000
116
50000
50001
50000
50001
50000
1101
3
4
50000
11
50001
50000
489
632
10
50000
617
50000
2
76
50000
50000
50000
3
50000
50001
4
1
50000
2
26
50001
50000
10
50000
50
50001
18658
9
50001
898
1706
1669
91
856
50000
50000
50000
50000
50000
50000
5
50000
1
50000
32
50001
50001
4712
2533
50000
1
50000
50000
11
50000
50001
3474
1
50000
50000
2821
36
50001
50000
713
50000
50000
50000
271
50001
1
50000
50000
1
50000
2
50000
50000
50001
50000
10
192
50000
50001
4
50001
50000
50000
50001
50000
3
50001
50000
6
17258
50000
50000
2
50001
50000
50
2
3
50000
10
54
43
50000
50000
50000
50000
882
50000
3554
953
50000
50001
50000
50000
50001
50001
50001
50001
50000
50000
1
58
47
30173
2
3077
10
50000
173
3465
50000
50001
50000
50001
10
50000
50001
50000
2
1
13334
3
15
5
1541
50000
147
50001
1
3
618
50001
3433
50000
50001
8
95
63
50000
357
3423
50000
6
2
470
12733
1
50000
3
1
50000
50000
50001
1
50
50000
8938
97
50000
11909
50001
327
50001
176
50000
25
1
50000
50001
4195
50000
50000
4
50000
987
50001
50000
50000
50000
50000
50000
38099
50000
50000
5
50000
50000
50000
1
6
50001
1
50000
50000
50000
50000
50000
50001
50000
50001
50000
2373
1
50000
50000
50000
50000
1
18121
50000
50001
1
4
50000
50001
48
50000
3249
50000
6
1
3
50000
50000
50000
8001
50000
4108
19
1
157
50001
4
63
31
50000
50000
135
2083
50001
50001
50000
50000
50000
5
614
50001
60
265
50000
8
48
513
50000
50000
50000
112
2
50001
8
50000
50000
50000
88
14
50000
50001
50000
4781
50000
13571
238
50001
35
50001
50000
50000
9
50000
50000
50000
50000
10
50001
50000
50000
50000
20
1271
7
50001
2190
3
50001
50000
179
50000
50000
50000
865
50000
50001
50001
50000
50000
6
2
50001
50000
718
50001
11
2
19444
1
50000
50000
5236
50001
50001
50000
50000
28
3
3
50000
50000
274
50000
50000
50000
2
14
50000
50000
50000
9
50001
50000
50000
50000
50000
300
2
50000
3660
7
5
50000
102
50001
50000
50000
50000
50001
800
50000
50000
50000
50000
3872
50000
50000
50000
50000
50000
15
50000
221
17
1
2
16
2
50000
50000
50001
50000
50000
3
50001
50000
50000
13
50000
50000
11
20998
50001
2856
50000
50000
50000
50001
50000
50000
50000
50000
50000
1
50000
50000
1
50001
10
13
50000
41419
50000
50000
1500
3020
11
50000
50000
7
7362
50000
3219
18426
9
1754
5161
121
2
26
95
3
2
50001
50000
16712
50000
50000
50000
625
50001
465
50001
124
50000
50000
50000
1
259
50000
28
50000
4405
50000
50001
50000
27002
50000
50000
50000
1949
50000
50000
50000
2
1
2
2
50001
4
50000
2538
50000
50000
50000
50000
13
50001
50001
50000
50000
1
50000
50000
50000
2
47
2
50000
50000
2
50000
50000
1140
48
50001
50000
50000
291
50000
1
2
50000
50000
1
3
50000
50001
50000
50000
50000
1
50000
50000
40
50000
50000
1
50001
50000
1
50001
59
50000
2
50000
50000
6
5
50001
50000
50000
249
50001
50000
7290
3306
50001
5
50000
14043
50001
50000
14673
50000
3
50000
8
50000
50000
50000
50000
50000
50000
50000
50000
50000
1
50000
50000
50000
2409
47265
2
40819
50000
39727
50000
50000
2
50001
50000
4
50000
21
50000
50001
50001
11
50001
50001
12
50000
50000
4
50001
13
50001
50000
50000
50000
2
9
50000
50000
266
7
50000
1708
20
50000
50000
50000
18
50000
3
50000
7
50000
58
50001
50000
50000
50000
50000
50001
513
50000
50001
16978
50000
1
50000
31
7
50000
50000
15
50000
50000
1
50000
50000
50001
143
161
50000
50000
21
142
50000
207
50000
203
951
50000
50000
6
50000
50001
50000
56
2
50000
7
1
1120
50000
50000
50000
2
50000
50000
11062
50001
50000
50000
50000
27721
50001
237
8
19
64
50000
88
420
50000
50000
1
50000
4
50000
50000
50000
50000
2568
1
50000
50000
1698
50000
6
6
50000
50
10466
50000
41016
8742
161
11208
10
1
194
50001
13803
50000
3
50000
9273
1
50000
1
50000
50001
50001
1
50000
44
50000
50000
120
22
4
6
1
50000
5985
50000
50001
1
50001
2
8
4
49
50000
50001
126
3
168
50000
50001
215
20
50001
792
50001
77
99
50000
2
1
50000
7700
2
1090
3
50000
20032
1
7
50000
50000
1794
50001
11391
1595
50000
203
3
46468
82
1385
186
50000
455
37
2543
522
50000
1
50000
44
50000
4279
1
1
50000
50001
50000
54
50001
3
50000
50000
461
50000
50000
50000
832
9
41
50000
50000
50000
50000
1
50000
50000
50000
50001
50001
35
108
50000
17
50000
50000
4976
1065
50000
1
442
50000
50000
50001
50000
6820
6464
129
50000
50000
50000
578
50001
1
50000
50000
50000
50001
18726
1
6736
50000
50000
50000
4
1
31
1
50001
9
50000
50000
50000
50000
107
50000
50000
3
57
1
2093
50000
1
50000
3
881
2
50000
37457
3
50001
50000
50001
1104
50000
50000
50001
50000
50000
50000
50000
50001
2
1
3
50000
2
50000
22
50001
50000
442
50000
183
50001
50000
50000
50000
53
50000
40394
50000
50000
50001
50000
1
50000
50001
6118
2592
50000
50001
3
16
2
50000
33
22
874
50001
322
50001
50000
50000
50000
50000
50000
50000
50000
5
18
361
2
188
4088
190
50000
50000
50000
345
50000
50001
179
50000
50000
50000
50000
50000
50001
14
272
2
7
94
50001
50000
50000
12192
1
20
50000
50000
278
50001
50000
12
50000
2
50000
50000
556
50001
50000
50000
50000
50001
342
2711
2477
50000
443
95
316
25650
1
481
50000
4
50000
19
751
39
1
1
176
14857
50000
50000
50001
50000
19
18282
57
50001
50000
50001
14
7
11
50000
50000
50001
177
2
50000
50000
50000
50000
50000
12
50001
951
543
806
50000
91
3278
50000
50000
50000
50000
4
10817
50000
8093
50000
50001
2
11
152
508
50000
50000
4637
50000
50001
50000
58
50000
50000
2463
50001
269
688
50001
50001
50000
8132
10343
3
3
50000
50000
50000
50001
1
109
136
50000
3
79
50000
1
50000
4036
50001
50001
14090
21654
50001
50001
240
3098
322
1
50000
50001
152
50000
97
6651
45
50000
50000
50000
50000
1
50001
50000
50000
50000
1
5
50000
130
50000
50001
51
50000
356
50001
11778
50000
50000
1
50000
50000
50000
50000
50000
50000
50000
50000
50000
50000
50000
1
65
50000
1
398
50001
50000
99
50001
13
9
7
50000
50000
1
2
12
1842
6
50000
97
50000
50000
50001
50000
50000
50001
3860
1
50000
1
50000
50000
50001
1816
50000
50001
7
50001
1
50000
65
86
50001
1125
50000
2584
1
50000
1
2
50000
2219
1990
50000
50000
3
50000
9
455
50000
316
50000
50000
50000
2063
1046
50000
324
50001
1492
20183
2
50001
50000
50001
1
50000
50000
21
50001
630
3949
1003
214
1073
50001
50000
50000
278
46
50000
50000
50001
50000
50001
6680
50001
16682
3595
118
26
15
217
5
50001
3
50000
50000
50000
50000
9012
50001
3
1
50001
50000
1218
50000
50000
6368
50000
4
4
1
50000
50000
29195
8480
16
50000
50000
50000
50000
350
5
50000
50000
4
50000
50000
602
11
50000
50000
50000
5
50000
8
285
16
1
50000
47
1026
40
4
50000
19
98
43
156
80
50000
50000
4
50000
50000
140
4
50001
50001
50000
50000
50001
50000
6
50000
270
1
120
50000
50000
50001
50000
50000
1
15
59
34
50000
586
50000
50000
4601
11
50000
45
50000
50000
50000
50001
50000
50000
50000
5
2
50001
50000
931
1
11
50001
1
50000
50001
2
5
50000
50000
433
50000
50000
96
798
50000
50000
7004
16
50000
50001
50000
24
32
35
3509
50000
61
50000
50001
50000
50000
26236
50001
50001
50000
2466
50000
50000
50000
2629
50000
50000
50000
31
50000
1987
208
4
1265
50000
5
50000
1
51
135
50000
50000
50000
1
50000
45
16577
204
1
50000
23
50000
9
50000
50000
50001
50000
50000
27
1473
1
50000
11
50000
50000
50000
50000
2
50000
50000
1929
6
50000
79
50000
50000
50000
50000
5
50000
7
50000
50001
50000
8
539
50000
50000
16
238
10
50000
50001
50000
50001
7727
50000
50000
11494
50000
50001
50000
50000
50001
2
50000
50000
50001
50000
35
1
50000
50001
5
73
50000
327
50000
2
50001
50000
50000
1357
50000
230
50000
1
379
50000
50000
50000
50001
50001
50000
50001
77
50000
50000
50001
50000
50000
86
50000
50000
50000
12
50001
50000
50000
50000
174
14611
1
50000
2
135
1
50001
50000
50001
50000
2314
50000
21
50000
1671
50000
6663
50000
50000
1372
50000
174
1617
30
89
50000
50001
50000
50001
50001
50000
50001
36
264
3067
50000
50000
50001
177
5481
50001
50001
9
50000
50000
11
50000
50000
50000
50001
742
1
50001
50000
50000
19
5
50000
20
38
50000
37
50000
10
17312
50000
12
691
43
50000
50001
388
50000
50000
2
4
50000
196
1
1885
3
50000
50000
50000
50001
313
50000
50000
2
50001
71
50000
50001
50000
50001
50000
50000
2029
50001
2
338
50000
50000
21
1
1
50000
50000
528
50000
50000
128
46
50000
50000
50001
82
50000
50000
50001
50000
1
50000
602
4751
1
50000
17948
9338
50000
50001
50001
50000
69
50000
50001
50000
50000
5
282
41671
97
50000
1
8
50000
50000
50000
50001
1
50000
22
9
50001
18347
50000
1719
1
50001
50000
2727
1
50000
50000
70
50001
1
50000
50000
50000
1551
50000
5709
50000
50000
8
50000
50001
50000
1
50001
42
50000
600
50001
50001
50000
50000
50001
50000
47872
1
92
50000
50001
1
50000
11
50000
2610
4199
50001
50000
50000
50000
2
50000
50000
41
50000
50000
10
19
8152
133
5
50000
50000
50000
35220
50001
9
50000
281
135
50000
50000
50000
12477
50000
50000
1156
2979
50000
50001
50001
50000
50000
50000
15916
50000
8143
51
11
50000
186
50000
1035
50000
50001
50000
50001
5
50000
50000
50000
8
50000
102
1
4273
50000
50000
1205
2
50000
143
1
50000
50000
29290
50000
50000
50000
50001
50000
50000
50000
50000
50000
92
50000
50000
10
50000
999
14
50000
50001
50001
1309
1
50000
50000
50001
4
50000
50000
50000
50000
50000
50001
50000
41
50000
3
50000
50001
11296
6755
4
50000
8
10
203
10
50000
410
20
50000
50000
50001
50000
50000
273
50000
5507
50000
30848
47677
50000
50001
1931
179
50000
21419
50001
38
2774
1114
41836
50000
4
50000
2
8664
50000
50000
50000
50000
7
2
32702
50000
10
8340
2
6642
50000
50000
49
50000
50000
50000
50000
28308
50000
1
172
19
1
50000
83
50000
1621
50000
1
28
50000
50000
50000
383
50001
50000
50000
50000
50000
50001
165
50000
6
50000
50000
50000
116
883
1614
50000
50000
50001
50000
1270
190
50000
50000
27
50000
50000
9
50001
50000
562
1
2074
155
3
50000
10
50000
31
50001
50000
350
1
50000
18368
184
50001
224
391
50000
12
233
6478
50001
50000
95
50000
5083
50001
53
87
723
50001
1
50000
50000
50000
50000
5812
50000
6064
50000
1
1
391
50000
50000
3
34945
50000
50001
50000
8046
50000
50001
43
70
7139
50000
1
50000
16238
50000
50001
50000
50001
50000
1274
50000
50000
1
11353
18
34711
50000
50000
20
71
197
1
50001
52
50000
50000
20536
50001
50000
50000
50000
50000
10
9
97
50001
1116
50000
50000
50000
50001
90
50001
50000
50000
21
50000
1
50000
1738
1
1
3
50000
50000
50000
50000
50001
9911
50000
50000
2
50000
50001
50000
169
19
50000
1
50000
50000
1
234
50000
2
4
297
50000
32444
50000
12
50001
103
2167
50000
50000
1
50001
50000
50000
1
50000
50001
4057
12601
50000
13303
50001
2682
73
19
50000
50000
50001
18
50000
14
334
849
50000
50000
50000
30
50000
50000
6
2
50000
50000
119
50000
50001
50001
561
83
50000
50000
50001
2
24
1
2
50001
50000
50000
50000
56
50000
6
50000
1
32209
50000
50001
1
19530
403
50000
50000
50000
149
23433
50001
606
5
50000
16
50000
49470
50000
31127
50000
5195
50000
50000
50000
402
50000
40
50000
50000
15
50000
1
12244
50000
1074
28
50000
50000
50001
92
50000
50000
50000
1
50000
413
125
390
50000
3450
50001
35223
9
2056
783
50000
15493
50000
50000
50000
4266
1
50000
50000
216
13
27455
1
50000
50000
50000
50000
50000
875
1
50000
50000
1
23
50001
37
157
50000
50000
50000
4
50001
50001
50000
41
260
50000
50000
14
50000
308
99
50000
50000
4422
50000
2
50000
50000
1
50001
1
50000
1
50001
50000
50000
2
50000
50000
50000
50000
50000
10
50000
50000
50001
50000
50000
50000
1
50000
50001
6
50000
7
50000
50000
2
344
50000
50001
50000
50000
50000
1
50000
50001
1
50001
45
50000
50000
50000
12051
1143
7124
50000
50001
50000
50000
1282
4
50001
1743
50000
50000
50000
50001
50000
50001
50000
1
50000
50000
12013
50000
1
50001
50000
50000
3
50000
179
151
50000
50000
50000
2180
50001
50000
50000
377
50000
4
2
50000
809
50000
33769
50000
50000
799
3
3061
50000
11
50001
27
50000
20
15783
50000
9861
50000
50000
50000
50001
71
50000
235
50000
50000
50000
1
25
41812
50001
2588
12
4
13
13
50000
4
50000
50000
50000
2
5
50001
6
9499
50000
50000
26
50000
2
50000
50000
1
1
1
50000
50000
50000
124
50000
2233
34262
50000
50000
21
50000
50000
50000
50000
50000
81
50000
566
50000
50000
18943
50000
1
401
50000
1
50000
50000
50000
50000
50000
4
50000
50000
50000
44
2336
50000
7899
1
50001
50000
50000
50000
1
277
50000
50000
1
4
50000
1
2
50000
50000
50000
50000
9
2
50001
472
50000
50000
50000
50000
1
50000
6
7
8
2
50001
50000
50000
50000
87
50000
3188
50001
50001
4
50000
50001
1181
50000
50000
59
2
50000
50000
50000
3
50000
50000
43
50000
50000
50000
6
50000
50001
50000
50001
1
50000
50000
1
50000
50000
5
9
16
12
2357
5
46
15128
50000
50000
6
50000
50001
50000
50000
50001
21
50000
50001
50001
50001
227
50000
50000
50000
50000
1
11
1
50000
50000
1465
50000
50000
50000
373
3
50001
50000
4
50000
50001
25265
50000
50000
50000
1
2
50001
50000
50000
50000
50000
1220
50000
50000
50001
1638
36359
55
50000
2
60
50001
4
50000
50000
8666
16628
46
134
50000
22
29
50001
2296
1210
50000
50000
50000
50000
50001
50000
50000
50000
775
1
50000
50000
50000
1
1
29811
50000
2516
50001
50001
50000
50000
50000
50000
50000
50001
50000
2
50001
1490
5
1
50001
50000
3
199
50000
12
119
50000
1
50000
108
50001
50001
3013
50000
50000
342
7
50000
50000
50000
50000
1
8911
50001
6
50000
50001
50001
20135
50000
171
10
330
50000
50000
50000
1
2582
2
50000
6653
50000
50000
50001
50000
12811
10
50001
50000
9
50001
4
1
1
50000
50000
176
50000
50000
50000
50000
50000
50000
50000
95
58
11285
50000
50000
50000
50000
14
50000
50000
3
50000
50000
50000
50000
1
50001
50000
185
1
50000
388
50000
50000
2
10
50000
50001
20
3716
1
481
81
50000
50000
50001
3
50000
50000
50000
50000
50000
3
190
5
50001
2537
21
8
495
5043
50000
50000
11
2961
1
50001
12
13223
3640
50000
50000
2
50000
50000
50000
1
50000
50000
50001
286
16
1
50000
50001
472
46081
1
50000
1
50000
29
3
50000
50001
765
50000
50000
50000
50000
50000
6393
50000
50000
107
4
50000
50000
50000
50000
2397
1
4
50000
1
25
1
50000
50000
23
9
50000
50000
50000
2
4979
50000
16
3
3
9
201
50001
77
50000
50000
50000
50000
50000
1
2
50000
3
50000
5963
50000
474
50000
26
4
50000
50000
8245
50000
50001
50000
50000
2
424
1
1656
50000
50001
4
50000
50000
1
23
50000
1
6958
5135
17
50000
27552
50000
5256
50000
50000
6637
50001
4
50001
5433
97
50000
50000
50000
1
50000
25
3
50001
50000
266
50001
1
50000
50000
50001
50000
50000
50000
50000
50000
50001
98
50000
14
50000
50000
50000
134
50000
10
50001
50000
50000
1
50001
50000
105
50000
50000
50000
50000
50000
50000
50000
50001
2705
50001
1
11
20
50000
50000
50000
50000
7
1
50001
50000
50000
29
50000
43562
50001
50000
209
1
1
50000
1
41
1
1
232
50000
1247
157
23
1
50000
910
50000
1
50000
11
50000
17
50000
50000
50000
25
19743
10928
16172
50000
50000
380
4
50000
50000
50000
9011
50001
124
378
15592
50000
50001
50000
50000
58
50001
50000
50001
219
7045
14
10
50000
26
50000
508
179
50001
50000
2
1329
8
20
50000
2
50000
50001
50000
50001
2133
10490
1
4
936
1
50000
50001
50001
54
50000
50000
5
15
50000
50001
605
50000
7227
50000
517
50001
50000
50000
1
1
79
11
50000
50000
50000
50000
1335
29
50001
976
50000
50001
3
50000
9
50000
50000
50000
50001
50001
1
50000
50001
26954
50001
50000
50000
50000
50000
50000
50000
5
50000
50001
1
57
50000
50000
50000
4
50000
50000
1
2
50001
7
50
99
50000
12
50000
50000
50000
1738
1
1777
50000
928
50000
50001
50001
2693
50000
1
1
50000
2011
550
50001
50000
50000
7
50000
1
50001
5
6140
14986
50000
1
57
2533
50000
1
50000
50001
10
362
50000
50001
11
50000
50000
50000
1
34
50000
9529
50000
6
50000
50000
50001
50000
50000
144
1
50000
50000
1
24101
50000
18146
50000
10
50000
50000
1
50000
158
50001
2
50000
50001
50000
50000
50001
50001
50000
50000
50000
50000
79
4
50000
179
50000
50000
50000
50000
50001
1881
50001
50000
2085
50000
6009
50000
20
50000
50000
4
50000
5972
50000
44
50000
2
50000
50000
2
2
50000
2
57
572
50000
1173
50000
3423
50000
1
7
50000
50000
1
50000
50000
50000
50000
50000
19631
50000
1
10
50000
50001
50000
1
1062
50001
9495
50000
50000
4753
437
379
18
50000
50000
50000
1
1
13
50001
50000
50000
50000
11
141
50000
6
50000
44151
50000
2
55
50000
4
429
5973
50001
50000
1
50001
50001
50001
50000
95
21
1050
41603
50000
50000
4350
50001
452
50000
4
50000
166
91
234
50001
50001
50000
90
50000
1
50000
50000
50000
50000
50000
50000
39380
2
1
10267
50000
2
782
50001
50000
50000
50000
1
50000
6
50000
50001
1
50000
2
50000
50000
50000
50000
50000
50000
1
50001
50000
50001
50000
50000
50001
50000
28291
50000
396
6
63
6
50000
50001
50001
50000
50000
3
3
50001
50000
50000
50001
50000
34835
1
2
50
51
50001
50001
46
50000
60
50000
50000
2206
486
50000
50000
50000
50000
12230
50000
1
280
50000
50001
50001
50000
1
50001
50001
2
50000
50001
50000
50000
50000
4
21568
1
50000
50000
14
24
50000
126
2771
19
8341
50000
50000
1
580
50000
50001
3
50001
50000
50000
547
21460
16
50000
28
50000
50000
8309
1192
1
50000
1399
50001
50000
456
40
50000
50001
141
50000
50000
6394
50000
50000
14
50000
50001
50000
50000
50001
6
86
203
50001
50001
3191
50000
24
6682
50000
50000
50001
261
50000
50001
1
761
50000
50001
2040
50000
50000
15
60
9
50000
50000
50000
50001
15
1341
50000
50000
1054
5
50000
1154
1
50000
10984
50000
50000
49
50001
50000
50000
18
50000
50001
50001
1332
254
50001
50000
50000
34
19
50000
50001
50001
18237
50000
113
15
50000
50000
50000
50000
50000
1506
4
50000
1896
778
22
524
50000
50000
16
13090
4
50000
50000
1
50000
50000
50000
50001
50001
132
932
2
50000
50001
50000
50000
2
50000
50001
50000
12041
189
50000
813
3980
1
50000
44
1
8
50000
50001
50001
50000
50000
50000
50000
28539
9
50000
50000
50001
50001
50000
50001
50000
1879
14665
1
50000
96
360
50000
50001
50001
458
50001
50000
1487
65
50001
50001
42475
50000
50000
457
50001
1
8
50000
50001
50000
50000
16709
10
15
704
44575
50000
24420
50000
50000
78
173
50000
5878
2
50000
50000
8
50000
50000
50000
50001
44566
50000
50000
1
50000
50000
50000
50000
50000
50000
50001
50001
50000
207
50000
50001
50001
50000
5
50001
50001
50000
2635
50000
50000
50000
50000
50000
71
3852
50000
50000
1
26
50000
50000
5237
458
1
50000
972
11657
1
10
50000
50000
50000
10
50000
50000
50001
50000
50000
50001
50000
25329
50001
6850
50000
19
50000
3
50000
105
1
50000
50000
1
226
50000
59
50000
50000
6
50000
50001
50001
2
50001
50000
50000
110
50000
9539
50000
50000
1
50000
247
50000
151
63
12
50000
50000
1
50000
50001
50000
3
50000
50000
50000
50001
50001
50000
50000
50000
117
50000
50000
50000
50000
50000
50001
1
50001
4834
50001
5135
50000
301
501
4
50000
50001
50000
2
1573
17
50000
95
50000
50000
50000
50000
50001
1
50000
50000
13
50000
50000
68
50000
1
8722
50001
165
1
1
50000
50000
50000
50000
50000
2
50001
170
50000
946
50001
275
50000
50001
1281
50001
1
50000
50000
42486
50000
50000
50000
50001
158
298
385
50000
50001
50000
50000
50000
50000
50000
50000
710
1397
10
5
1
50000
16128
11717
3
50000
50000
7950
50000
2
1
50000
2
50000
50000
50000
50000
50000
50000
50001
50001
2
50000
13
3
50000
2348
35
50000
4
120
50000
417
50000
50000
50000
1098
944
1
7223
1
1804
28
50000
50000
50000
8
50000
9
2
50001
1
1
75
50000
2127
50001
23
35
11
50000
7837
50000
82
50001
1048
50000
50000
50001
2
50000
50000
2
50000
50001
1
13958
2
50001
50000
25410
26
2380
5
50000
50001
50000
50000
103
11
50000
50000
50000
2277
587
50000
1
50000
50000
50000
50001
533
50000
50001
1
50001
50000
50000
50000
1602
50000
50000
50000
573
4
50000
2195
50000
3663
9
2310
21
2
10
50000
50001
1
10
48
50000
50000
50000
50001
50000
13
50001
50000
1
62
50000
50000
1
50000
1
50000
4
50000
50000
50001
50000
29796
50000
50001
1
43
1
75
7
50000
1635
50000
50000
50000
1309
3
50000
50001
50000
50000
50000
63
50000
50000
50001
9258
50000
17
50001
50001
50000
715
1
50000
1
50000
14
50000
64
50000
7
44
50000
50000
563
5
50000
61
823
50001
4804
20452
50000
115
50000
50000
50000
50000
50000
18
50000
50000
1
50000
50000
5
50000
4
91
50000
24
50001
50000
10
50000
50000
50000
8
50000
54
50000
6408
50000
33
260
50001
11
50001
50000
11
10221
50000
125
91
96
19720
50000
50000
50000
4994
4
50001
50001
50001
50000
50000
50000
50000
50000
50001
2
50001
50000
4157
6676
50000
2
75
4
50001
50000
114
1
50000
6
50000
50000
50001
50000
50000
1
3308
50000
1
50000
337
50000
50001
2
50001
81
10
50000
50000
50000
