50000
4
50001
50000
51
50000
50000
303
50000
104
1
50001
50000
123
1
50000
8
368
1
50000
50000
50000
50000
50000
1
50000
50000
1
50001
231
50000
84
50000
9
165
50000
3955
1
50000
50000
1
4
121
50000
50000
147
50001
50001
148
50000
31
1
50000
50000
50000
50000
1
50001
50000
3
77
50001
275
50000
50001
50001
50001
50000
1
50000
50001
6
1302
50001
50001
2200
50000
50000
50000
50000
457
18058
50000
122
4
1212
50000
1
50000
50000
398
50000
6
50001
3
50001
50000
2659
50000
50000
50000
3
50000
1
50000
138
644
3744
50000
50000
50000
50000
50000
1834
165
8175
907
50000
50000
50000
50001
47
1184
95
50000
5
1
50000
50000
50000
236
50000
50001
50000
3
1
3
50001
1
1
50001
50001
50000
1
50000
4
185
50000
80
1
53
305
50000
50000
9165
16970
16160
50000
2
50000
28
12076
50000
10
50000
50000
991
24
50001
314
9
2
681
50001
1
6
50000
2
50000
50000
50000
50001
13435
50000
2097
1
50000
50000
7734
50001
1
50000
1
50000
975
50000
12199
50001
50000
50001
1
4
50001
50000
65
50000
716
24164
50000
50001
7
32
152
50000
2148
50000
1
50000
50000
50001
50000
50000
50000
50000
50000
50001
50001
50000
11
182
50000
50000
354
24
50000
50000
35
509
7
50001
50000
50000
50001
50000
50000
50000
50000
5145
50000
74
50000
3
50001
1
50000
523
50001
50001
1557
50000
50001
9
50001
50000
15
14030
50000
5128
50000
50000
50000
50000
50001
1
50000
50000
1157
50001
50000
50000
50000
50000
2
50001
50001
2
50000
1
50000
1
50001
50000
13
50000
50000
4
3236
50000
8
50001
6
50000
50000
50000
19915
50001
17176
1
1
50000
50001
17
1
50000
50000
50000
50000
50000
50000
2
1
50000
12
1
3173
41
50000
130
50000
50000
50000
11
50000
50001
16
15
50001
50000
1302
3
50000
21
1060
50000
50001
50000
50000
5
8716
238
1
50000
1
50000
50000
2
50001
3
1
50001
12998
1
50001
19
1
1532
50000
1
78
50000
4
56
50000
50001
50000
50000
50000
43
50000
50000
50000
50000
459
50001
121
50000
50001
9
50000
50000
50000
1286
345
50001
28
50000
3355
50000
6329
50000
50000
7164
50000
50000
1
2280
50000
50000
50000
50000
6
50000
50000
50000
37
1
133
421
629
253
1163
2985
653
10
1
145
50001
50000
50000
50000
50001
29
50000
50001
50000
50001
215
50000
50001
50000
135
50000
50000
2787
76
369
50000
50000
1855
50000
1
50000
50000
832
50000
50000
6
1
189
50000
1
2
15
50001
16
50000
1
50001
50000
50000
50000
50001
50000
50001
7
2
17038
21
50000
50000
63
3
50001
50000
1
2
50000
50001
50000
50001
857
50000
83
50000
50000
50001
50001
5
246
20301
50000
50000
50000
1233
41
50000
37
50000
1
50001
276
4
50001
50000
35
50001
345
2
50000
50000
290
11
50001
50001
50
50000
50000
50000
303
1
50000
50000
50001
50000
1
1
50000
26
50001
50000
50000
50000
50000
50000
1150
50000
678
1
3683
253
50000
50000
50001
50000
50000
1
109
1
50001
5462
50000
1
50000
30
50000
50000
50000
50000
50000
3195
50001
10
705
50000
1
50000
50001
50000
50000
50000
50000
13
144
50000
86
50000
100
50001
1
50000
50000
50000
50001
50001
7658
15
50000
50000
50000
50000
5285
50000
3
50001
14036
1
36
50000
11227
50000
4901
50000
50000
50000
30
50000
50001
258
50000
50000
50000
50001
50000
50000
50000
50000
50001
1
50000
50000
27
50001
1
50000
50000
50001
6
50001
104
50000
9
50000
50000
50000
50000
50000
50000
50000
590
50000
1868
50000
50000
50000
12882
50000
1
50001
50000
1
50000
50000
3
50000
13
4
1
50000
50000
50000
50001
50001
50001
50000
50001
2357
10
50000
50001
50000
141
50000
50001
2
50000
50000
6
50000
50001
50001
50000
50000
12
50000
50001
50000
50000
50000
96
1
1
28
2714
3
50000
50000
50000
50000
50001
50000
5879
50000
50000
50000
50000
50000
50000
3
21
50000
50000
50000
50000
1
50000
4
50001
50000
50000
1
56
50000
50001
50001
50000
34
5
50000
50000
268
50000
101
50000
1
10
50000
2
5
1119
50000
2991
1
50001
2735
41
50000
50001
1
50000
50000
50000
50000
1214
50000
50000
50000
27
46
50000
34
122
50000
50000
50000
36365
548
50001
50001
50001
50000
50000
155
46
50000
17075
50001
50000
50000
50000
11774
50000
50001
50000
50000
1
50000
21
50000
2
50001
50000
206
45
50000
39
50000
1
50000
50000
2433
1
50000
50000
50000
50001
50000
2
50001
50000
50000
50000
482
50001
50000
50000
50000
50001
50001
81
6187
1
10
1
50000
50000
50001
50000
50000
19270
50000
2
50001
16749
50000
4878
50000
19
2
50001
50000
50001
50000
83
3408
50001
1577
50000
1
1
28453
35
50001
50000
50000
50000
279
50000
1
119
50000
590
50000
50000
50000
50001
50000
1
7
50001
6
5
50000
6
1
1127
1
50000
2536
469
50000
370
50000
47
1
140
50000
2851
50000
50000
50000
50000
12
50000
50000
50001
68
13
26
4
2
8945
58
50001
50000
916
50000
50000
50000
8
50000
50000
50000
17
111
50000
50000
4
2
3
34
1
2089
50000
50000
16
50000
1
50000
163
50001
50000
50000
50000
50000
50000
1694
50001
1
50000
50000
26
50000
50000
2
1716
988
50000
17169
50001
26
50000
510
74
50001
50000
1350
50000
50000
15
50001
50000
50000
50000
50000
4661
50000
2
50000
5072
50000
50000
29
50000
50000
4
50000
11
50000
1
50000
50001
662
128
50000
50000
50000
71
50000
50000
50000
50001
50001
50000
12872
50000
50001
122
50000
50000
50000
161
50001
50000
50000
466
1
2
50000
50000
50000
50001
50000
1
2
50001
606
28112
28944
12
50000
50000
50000
50001
50000
4
50000
6573
50000
50000
50000
50000
492
922
2
9025
22
50001
1
1
50000
9
50000
4
50000
1051
3728
1253
50000
50000
50000
1
21656
1
50000
50000
50000
50000
50000
154
210
50000
50000
50001
50000
50000
50000
766
50000
627
50000
50000
50000
1
37
50001
36640
4
50001
23185
50000
50000
1
50000
112
1
50000
50000
50000
50000
50000
9
50000
50000
2
2
50001
17
50000
50001
50000
50000
50000
50001
50000
1
50000
50000
50000
50000
15
50001
126
1
50000
84
21
50000
50000
31
2
2
50000
50000
50000
50001
1
50001
50000
50000
50000
2610
37764
3
50001
50000
4
477
50000
1
50001
50000
50001
44
83
25
50000
28
50000
50000
50000
50000
50001
186
50000
50001
50000
50001
294
50000
50000
112
50000
50001
51
50000
50000
8
50001
921
50001
721
50000
50000
229
50000
604
50001
215
50000
41
164
50000
50001
50001
2
50000
50000
307
2
50000
50000
34831
50001
50000
50000
4
103
50000
50000
50000
50000
50000
50001
50000
50001
23
14
17
50000
50001
50001
824
50001
1
50000
50000
7859
50000
50000
253
50000
8
1
20
5
50001
50000
50000
50000
19
50001
50000
50000
50000
43
640
50000
50000
50000
50000
50000
50000
79
1
50000
1
1
644
14730
50000
50001
50001
7
50000
50000
50000
50001
50000
50001
204
50001
50000
50001
50001
26
50000
14
50001
50000
50001
50000
50000
50001
50000
4
50000
50000
70
50000
20885
10
50000
50000
50000
250
50000
50000
50000
50001
865
50000
50001
50000
2
50000
50000
50000
84
50001
8
50001
50000
50000
1
6587
50000
9
50001
50000
50000
50000
55
50000
50000
106
50000
50000
50000
50000
933
7
29
50000
50000
50000
50000
67
50001
50000
652
50001
26
50000
50000
50000
50001
1
50001
335
2
50000
9
50000
50000
10
50000
50001
50000
1
50000
50001
50001
50001
6
50000
7875
1
87
50001
50000
1
1
50000
1
50001
50000
50000
50000
50001
50000
50000
50000
1378
50000
50000
50000
1
50000
50000
50000
514
50000
50000
50001
50000
50000
526
50000
129
50000
1
1
50000
50000
50000
1862
50000
50000
1
50000
50000
15
50000
11
50000
50000
50001
50001
50000
50000
50000
50000
1797
1
50000
50001
50000
117
164
251
50001
50000
3107
50001
50001
1
15
50000
3
50001
56
50001
83
12
50000
50000
50000
50000
12
50001
14
19639
50000
50001
20
50000
50000
2
50000
50000
48
1170
50001
1
50000
16438
50000
50000
50000
50000
50000
50000
50001
207
50000
50001
13
7
50000
50000
2423
50000
1
50001
50000
24
2
2
50000
9
277
11
7087
12
35
50000
8
50000
27
50000
3790
1
3
3
50000
1
1052
50000
1567
50000
938
50001
50000
50000
32
50001
50001
32
356
3
4
13217
1
56
894
50000
50000
50000
3
1
50000
1
50000
8
1
50000
50000
50000
50000
50000
50001
4
50001
50001
50001
1
50000
50001
124
50001
50000
10
50000
1284
104
1
50000
50000
50000
50001
1
1
50000
12
50000
50000
50001
50000
50000
50000
9331
50001
24
50000
50001
50000
50000
63
50001
499
154
5
50000
6
50000
50000
1
50000
50000
50000
50000
1
50000
1162
50000
50000
50000
50000
50000
50000
50000
50001
50000
41
50000
4
78
50001
50000
50000
357
32208
4
50001
50001
50001
50000
50000
3
50000
50000
50000
50000
50001
50000
50000
50000
50000
50000
50001
50000
8
50001
50000
4
50000
2
50000
1641
50000
7965
6
2113
1
50000
50001
1507
50000
1
1
5803
50000
50000
3
50000
6
50000
50001
21
50000
50001
4
50000
1
50000
50000
50000
173
1948
134
50000
50000
14
9535
2
62
1
67
14
7504
4
38754
50000
1
50000
50000
50000
50001
50001
50000
50000
50000
50001
268
50001
50000
50000
50000
50001
50000
50000
5
50001
50000
1
50000
12
10
2
50000
50000
56
50000
50001
12
1
50000
50000
50001
50001
1
50000
8
790
50000
50000
1
50000
1
14777
9
50001
7318
50000
1301
50000
50000
50000
5
299
11153
50000
188
11
50000
50001
50000
6275
5
1881
50001
50000
50001
50001
50000
47
66
1
50000
50000
1
47
9
23
50000
1444
50001
50001
2
50000
12
581
50000
50000
168
50001
50000
50000
50000
276
1
2
56
46
50001
50000
50000
1
93
1
50000
50000
50000
101
25
50000
2517
85
50000
50000
54
39
7253
50000
32553
1
50000
680
35826
50000
4878
2
3
50000
50000
37
50001
50000
50000
50001
4
5
50000
50000
3
50000
50000
2
50000
12693
50001
28
50000
1
2
1
54
50000
14
70
50000
1
50001
50001
288
50000
139
50001
2
50000
50000
50000
8361
50000
1762
50000
50000
50000
50000
9
50000
50000
50001
50000
50001
50000
50000
50000
50001
50000
50000
50000
50000
50000
50000
50000
50001
217
50000
124
50000
50000
50000
48
3062
1
4
15
50000
50000
76
50000
8
50000
50000
1
50000
50000
50000
50001
50000
12
1
50001
9
94
50000
50001
1
768
30
174
203
1231
27
50000
50000
50000
50001
1
50001
50001
34889
50000
31566
50000
2
4
50001
50000
8373
50001
1153
50000
50000
2
50001
50000
2375
145
50000
50000
50001
702
50000
50000
50000
50001
2
50000
17
7
2
50000
20
50000
50000
50000
50001
12
9
50001
50000
16
1198
50000
5
50000
50000
50000
50001
50000
1
50000
50000
567
50000
50000
50000
50001
50000
50000
50000
50001
32511
66
165
50000
1
50000
50000
8
160
4
1
50000
50000
50001
2
1
50001
50000
50000
5
50000
73
50000
50001
1
635
50000
50000
50000
50000
113
50000
50000
26
50001
50000
50001
50000
19
50000
50000
50001
50000
50000
50000
50000
50000
23
350
50000
50001
5
3
50001
50001
50001
1
50001
50001
50000
1
116
10415
50000
50000
50000
669
24
50000
50000
50000
22399
50000
50000
50001
50001
10839
5
50000
50000
50000
3
50000
5
22
1
5
7
50000
50000
50000
2
50000
1
4
50001
50000
50000
169
50000
50001
50000
50000
1
50000
50000
1
50001
4885
11
50000
50000
50001
5047
50001
50000
50000
1
50000
50000
3
1990
50000
50000
1513
5
50000
24
10646
1
50000
3
50000
50001
2
50000
273
50000
50000
1
1
50000
50000
263
50000
1764
50001
50000
50000
3
23
50001
308
50000
2
188
2
50000
50000
82
50000
50000
50000
2
2
50000
50000
50001
85
50001
125
50000
641
7
50001
50000
995
50001
2128
50000
7537
50001
23
3
4
50000
1
513
50000
50000
231
50000
50001
50000
50000
50001
26
50000
50000
50000
50000
31
50000
8
50000
50000
50000
50000
72
50001
42
50000
12434
50001
50001
6
50000
1
3359
50000
13
6
3
50000
50000
6
50000
50001
50000
50000
50000
50001
2
2
50001
50000
30
50000
33411
7308
2
50000
50000
50000
50001
50000
90
22
41
50000
10
50001
50000
50001
50000
50000
50000
50001
2
34640
52
50000
50000
50000
50001
50000
1
3
50000
50000
96
50000
50000
58
4755
50000
50000
1
50001
6503
50000
50000
10290
50000
50000
50000
50000
50000
6
50001
2848
50000
50000
1
50000
50000
50000
50001
50000
50000
50000
50000
50000
50001
50000
50000
2926
50000
67
50000
50000
2
50001
50000
1
50001
50000
5748
3
50000
16982
8
13
50001
12
50000
158
50000
25556
111
19
26
50000
50000
9
50000
50000
681
50000
50000
50001
50000
50000
50000
50000
5922
50000
50000
50001
50000
1
50000
50000
936
1
50000
50000
50000
1
50000
1287
50000
50000
693
50000
11917
50000
350
50000
50000
33267
50000
2744
50000
50000
50000
50000
50000
2
38
50000
50000
50001
1
50000
50001
50000
50001
50000
7187
1
50001
50001
68
306
50000
50000
50000
50000
50000
1628
50000
54
50000
50000
1
6
202
50001
50000
50000
2
599
50000
5574
50000
50001
50000
50000
50000
1387
13889
52
50000
50000
50001
50000
50000
125
50000
50000
1
1
50001
3808
50000
1
50000
5
735
50001
5821
393
4
3
50000
50000
2300
50000
50000
50000
1
72
50000
50000
11
50000
8
50000
50000
14545
50000
50000
50000
50001
50000
4652
50000
50000
50000
50000
5
50000
1
50001
2078
336
1
50000
7
50000
50000
50000
50001
50000
3
50000
14
50001
50000
50000
32450
50000
8
50000
50000
549
50000
50000
50000
50000
50000
50001
50001
50000
1
1029
50000
2
27
8
50000
50001
50000
149
50000
11
50001
62
50000
50000
50000
50000
50000
117
50000
50001
50001
50000
50000
50000
50001
50001
3
50000
50001
50000
50000
50000
18
22567
14
50000
10741
577
434
8607
1694
50000
4
870
50001
50001
382
673
50001
50001
50001
50001
5
50000
24
50000
50000
463
50001
50000
50000
1458
25
10
240
12
50000
1
2
1564
394
146
3
50001
12239
36519
50001
50001
50001
12
50000
1
9739
50000
50000
1749
23
50000
74
3885
50000
1723
3
50001
2
50000
3140
40412
50000
583
46
50001
46136
50000
50000
13
50000
50000
50001
1
50000
1
164
1
50001
50000
50001
317
2681
50001
5
65
5052
24
16
50000
22
50000
50000
2
7
1117
50001
50000
1
362
50000
1
50000
5
50000
50000
50000
50000
50000
50001
7
50000
4291
50000
50000
50000
15958
50001
50000
50001
50000
50000
401
50000
50001
50000
50000
50001
2776
16
50001
50000
26
50000
35
50000
50000
50000
291
50000
16513
275
50000
27
50000
50000
50000
50000
50000
39
50000
560
50000
1119
50000
50000
50000
50000
6
1
50000
1
50000
50000
50000
50000
1
50000
693
780
50000
84
2
50000
50000
50001
3
50001
50001
11
50001
50000
50001
50000
50000
50000
15097
50000
1
50000
50000
50000
50000
50000
50000
50001
312
50000
50000
16
50001
50000
50000
1
179
50000
50000
50001
50001
14
50000
146
6
1
1
50001
8
50000
50000
50000
1
49
50000
50000
2
50000
50001
1
50001
70
50000
50001
8
380
50000
50000
50000
50000
275
50001
14
8915
147
50000
1489
50001
50000
50000
50000
50000
86
50000
50001
124
13
50000
50000
44
16759
50001
50000
7
50000
50000
4
4
50000
50000
50000
50000
50001
50000
50000
271
109
4
1
50000
50000
50000
50001
50001
50000
50000
50001
50000
3
2
50000
1396
50000
50000
4324
50000
50001
50000
27
2440
30291
274
50000
50000
60
50000
50000
50001
1
50001
47
50000
4
50000
50000
2
50000
50000
50000
7
64
1
1
31
50000
50000
50001
50001
2
1
262
1
2
2
25
31
82
50000
50001
50000
50000
7
4429
1
1250
50001
50001
50000
50000
1
50000
50000
50000
105
50000
8
9
50000
17
1
50000
50000
8
50001
7
50000
23
1825
39
50000
50000
50001
50000
50000
50001
29
50000
4
50000
50000
17
1
50000
50001
50000
1
9
50000
50000
50000
50000
767
50000
383
376
1
50000
50000
50000
50000
7
50000
50000
50000
55
50000
50000
50000
50000
50001
47715
271
573
50000
50000
50000
50000
50000
50000
4
50000
7
9
1
50000
480
50001
1
50000
50000
142
50000
50000
50000
9
50000
50000
50000
5
13613
50000
15
14
50000
1
50
157
551
14
50000
36
50000
50000
6
50000
2
50000
50000
1961
67
23
50000
57
50000
50000
4
50000
50001
96
50000
50000
50000
50000
602
50000
2673
50000
12406
50000
50000
633
806
50000
50000
50000
50000
36
50000
50001
50000
50001
50000
20023
50000
50000
1
50000
50001
50000
50000
9
1
917
50000
50000
43
17
50000
1
50000
11
50000
397
50000
50000
50000
50000
50000
50001
12
410
50000
50001
6
36399
10
2410
5444
125
50001
50000
50000
70
50000
50001
589
50000
221
6
11634
5
50000
50000
1
18
2
1
50000
50000
50000
50000
50000
50000
709
50000
50001
50000
50000
1
323
6368
50000
50000
50001
50000
50000
50001
29331
50000
15
50000
8
1
50000
4
50000
17
50000
3
50001
1
46
50001
2
50000
17
19
50000
1
50001
50000
50000
205
50001
1
50000
1
124
6
6
50000
9
1
20
50000
12090
50000
50000
1
50000
11
657
51
21
50000
37
2520
50000
50001
50000
50000
50001
671
50000
72
50000
50000
50000
3
2
50000
50001
50000
50000
50001
10
152
1407
50000
50001
5
8636
50000
12
304
50000
50000
100
50000
50000
2
50000
50001
50000
181
1
50000
50001
50000
2
50000
15731
50000
3
50001
1407
50000
50000
8151
4
50001
50000
2
1358
50000
50000
1
9
50000
50000
26
50000
50000
33
50000
50000
50000
50000
50000
50000
139
50000
11
50000
50001
12270
10524
50001
50000
3
53
1
50000
329
50001
50000
50000
50001
5090
50000
463
50000
1
50000
1
29
50000
5
50000
1
1014
50001
50001
1
50000
50000
219
23
2149
50000
8
50001
50000
50000
50001
50000
180
50000
50000
50000
56
50000
2
1
16
50000
50001
50000
25
50000
50000
50000
50000
50000
50000
50000
50001
8
50000
50000
50000
50000
50001
50001
50000
6881
32247
50000
50000
1
50000
4
50001
50000
50000
1
1
50000
21
50000
5364
1
30
23
32
50000
50000
577
22
50001
50000
50000
50000
50001
50000
50001
50000
50000
50000
50000
50001
50001
50000
50001
50000
50001
50000
50000
50000
284
2
5
50000
50000
50001
50001
50000
33
122
50000
2
5
576
50001
1
50000
50000
50000
1
50000
50000
1774
139
50000
50000
50000
50001
50000
50000
50000
4
50000
50000
48
50000
50000
50000
50000
50001
82
50000
50000
122
50000
169
1
3
2881
2020
50000
50000
50000
4072
50000
50000
50000
50001
50000
50001
103
50000
50000
50000
1
2
9
52
50001
10598
661
70
50000
50000
140
50000
50000
11
1
50001
50000
50000
14
50000
50000
22
50000
50000
50000
50000
378
116
50000
3811
3955
50000
101
13697
5
50000
50000
50000
50001
13
50000
50000
16
50000
50001
50001
50001
1
50000
17
499
50000
234
50000
50000
26
50000
50000
50001
50001
1
50000
153
50000
50000
50001
1
50000
50000
50000
50000
50000
50000
50000
50001
50000
4
50000
50000
50000
50001
50000
50000
50000
50000
50000
50000
8
50000
50000
677
50000
50000
50001
7
50000
50001
50000
50000
1
395
25455
1
2
50001
50000
50000
50000
1
50000
50001
50000
55
50000
50000
1
15
57
21
1
50001
50001
1
27084
102
1181
50000
50000
50001
50000
27401
33
466
47
50000
50001
50000
50000
1
50000
50000
1
50000
50000
2
5
8
50000
50000
50000
50000
34
1899
1182
32
50001
50000
50001
844
50000
11
50000
47
220
24
50000
50001
50001
50000
50000
50001
3
50000
22
50001
20
2
1119
50001
50000
50000
50000
50000
50001
3
7
8
50000
50000
50000
50000
1500
11
50000
11459
50000
50001
50000
50000
50000
50000
50001
311
50000
50000
50000
573
8
1
17060
262
50001
271
50000
1143
50000
34
50000
50000
50000
4349
50000
50001
3
50000
50001
50000
19
50001
50001
50000
81
50000
50000
50000
50001
50001
23214
50000
1
50000
50000
50001
50001
50000
4
50000
50000
50001
50001
50000
50001
50000
127
50000
50000
50000
50000
50000
50000
422
50000
510
29
50000
50000
50000
50000
50000
50000
50000
8
50000
201
50000
51
1
1
50000
50000
337
50000
50001
50001
2
50000
50000
50000
50000
50000
250
50000
50000
53
50000
50001
1
50000
50000
50000
8
50000
50001
12
50001
50000
50000
50001
2543
9796
50000
50000
50001
810
815
64
50000
303
289
50001
50001
12
50000
50001
50001
1
678
88
14
1115
50000
15183
50000
10
50000
1
50001
1141
693
50000
50000
4323
1
50000
66
50000
50000
50000
17998
41
50000
50001
13
50001
113
50001
1
5340
50000
6
50000
2
1
251
2
50000
50000
45
50000
50000
50000
2
800
50000
50000
10287
50001
50001
13745
1013
3524
50000
50000
392
210
50000
36214
1
50000
28117
50000
65
50001
50000
50000
1297
148
50000
50001
50001
50001
50001
1501
50000
50000
50
50000
644
629
50001
46
50000
330
83
50000
267
60
8
4831
50001
2
50000
2986
50000
50000
50000
40
8471
50000
19
50000
20
50000
50000
50000
50000
158
50001
50000
50000
6
50001
50000
50000
50000
50000
50000
50000
50001
50000
3394
50000
50000
10859
50000
50000
50001
50000
7
1034
50000
14
50001
65
50000
50000
14
50000
274
2
32
1
424
1
1520
33
50000
13
50001
50000
2561
50001
22
50000
50001
50001
12
50000
50000
50000
1501
50000
6
50000
50001
50000
50000
50000
50000
50000
50000
50000
2
9
50000
1635
50000
50000
1918
142
1
50001
26
2
50000
5
50000
1
1
50000
50001
50001
50001
50000
1
50000
50001
50000
1
1
50000
9326
50001
5
50000
50001
50000
50000
50000
3071
50000
22063
50000
50000
50000
1
50000
1
1
50000
2
11258
29
50000
50000
50000
50000
17
50000
50000
50000
50000
50000
50000
50000
50000
50000
50000
79
41
32
50001
10997
11474
50000
4443
15
219
50001
50000
258
50000
50000
50000
50000
50001
50000
50000
50000
50000
50000
3
1
4
13
50000
50000
50001
1
50000
50000
2
50000
50001
3795
262
50000
50001
7
50000
50000
50000
1
50000
11
50000
50001
50000
50000
232
10
50001
50000
78
1
2997
2
3
370
50000
50000
50000
50000
50001
50000
50000
27
50001
50001
36
4
50000
31263
50000
50000
374
50001
50000
50000
1
50000
1
50000
50000
50000
50000
99
50000
50000
50000
38
50000
5
3
4
50000
50000
50001
50000
50000
50000
50000
50001
50000
50000
50000
50000
50000
50000
50001
50000
39
50000
50000
6
5
50000
50000
50000
36
50000
104
50000
50000
50000
50000
1
50000
3
14
14307
461
241
50001
50001
1
50000
50001
6
50000
50001
50001
50001
9
4937
50000
50000
50000
138
50000
3
50001
50000
50001
460
49
2
208
1742
50000
50001
50000
50001
619
50000
50000
50000
1637
50000
50000
50001
2
54
50000
50000
50001
50000
50001
29
50000
50000
9241
50000
50000
50001
1
4
50000
1265
1
50001
468
50000
50000
1559
50000
50000
50000
50000
50000
50000
50001
50000
50000
1
50000
50000
50000
50001
50000
50001
50000
50000
10
1
50000
4
48
50001
50001
50000
50000
50000
50001
50000
50000
3
50000
1
118
50001
8073
59
50000
50000
50000
50001
25
7105
50000
50000
20
59
5974
50000
50001
11009
50001
46
1
457
50001
50001
50000
14
50000
7
50000
50000
55
50001
50000
50001
50000
50000
50000
1
50000
50000
50000
1
1
50000
50000
371
50000
4
50000
50000
1
899
1
50001
50000
566
50000
50001
16
50001
50000
2633
40559
50000
9
50001
50000
50000
1
50001
50000
50000
50000
4
50001
2
50000
50001
50000
39
50000
50000
50000
15
1
7
23
50000
50000
1
50000
50000
50000
50000
50000
50000
50000
9323
50000
50000
2394
90
1
10658
50000
4
26
50000
50000
50000
50000
50001
50000
41
50001
50000
50000
256
1
50000
50001
14338
50000
104
50000
3
50001
62
1
14
21
141
50000
50000
50001
660
50000
1794
50000
57
13
50000
50000
50000
2
94
50000
28
50000
50000
50000
99
9822
3
50000
50000
50000
16034
50000
50000
50000
306
57
50000
50000
50001
1872
50000
127
46
50000
488
50000
50000
50000
50001
50000
50001
50000
50000
50000
145
7
50001
50000
50000
128
50000
731
50000
203
5
50000
50001
50000
50000
2305
7582
50000
19
1461
223
50000
8
50000
50000
50000
50001
50000
50001
334
14
5
50000
50001
15
10201
50000
32
1
1
50000
889
50000
50000
50000
50000
14
1
3727
50000
50000
50001
50001
50000
50000
50000
30780
50000
50000
50000
50000
50001
11930
1990
50000
50000
1
50000
50000
3
1
50000
20
153
1
50000
1
4
22
50000
50000
50000
50000
50000
50000
2
50000
50000
2
50000
7
50000
50000
4
50000
75
50000
50000
10
50000
50000
50000
25417
50000
50000
50000
8501
50001
50000
10
50000
6
17
50001
50000
50001
1
2
50000
7571
3
1
50000
743
12143
50000
5
1
18
50000
1
7
50000
50000
50001
249
50000
50000
50000
50000
50000
50000
50001
19401
41
50001
73
50000
1
4
30
50001
443
50001
50000
144
50001
50000
2
50000
3
50000
1
1
50000
50000
50001
50000
12
27
50001
1
1
50000
26298
2
2839
19671
50001
1
50000
1
50001
50000
50000
6
50000
92
3
50000
50000
1
60
1
5976
45012
93
43
50000
1
50000
50000
50000
54
50000
50000
50000
2
50000
50000
6
50000
50000
8
50001
50000
31
50000
85
39
2230
50000
201
50001
50001
50000
1
50000
50001
50001
2
50000
50000
50001
263
50000
50000
50000
50000
5
50000
3
50000
1
50000
2
125
50000
1
50000
50000
50000
50000
12
807
50000
50000
50000
50000
50000
50000
50000
1
50000
50000
50000
50001
50000
20725
50000
50000
50000
3
50001
50000
61
50000
6481
7
50000
50000
1
50000
50000
50000
50001
50000
34
50000
12
50000
50000
50000
2288
50001
7
1
50001
1
1205
50001
50000
50000
50000
50000
50000
50000
3
74
50001
50000
50001
50001
50001
1
50000
50000
50000
50000
50000
50000
50000
50001
50000
50000
50000
50000
3
50000
1
50000
50000
50001
50000
50000
333
250
50000
50000
50001
50000
50000
33
50000
50000
3745
50000
50000
50001
50000
50000
50000
50000
28
1
50000
50001
18
1855
50000
50000
50000
4
50000
1439
122
50001
28
50000
4
50000
50000
50000
50000
5
50000
50000
50001
5
50000
161
50000
50000
63
50001
50000
50000
50000
50001
50000
50001
50000
50001
1804
50000
304
50000
50000
1
50000
50000
404
50000
50000
50000
50000
50000
50000
64
50001
1
50000
50000
50000
1
13
50001
50001
14
50000
401
50001
87
84
50000
2204
50000
50000
50000
5935
50000
155
50000
50000
50000
50000
50000
200
50000
1
50001
11
281
50000
50000
16
19
3540
2
16
853
50000
82
50000
19
2
50000
1
176
50000
50000
2
50000
20
50001
50000
16222
50000
30
50000
32
50000
50001
513
4382
50000
1
50001
4
50000
50000
71
50000
3197
50000
50000
50000
9
50001
1
1935
50001
50000
50000
50000
4
6
50000
14765
18
50000
50000
2271
10587
50000
50001
7
547
47
50000
50000
50000
50000
50001
26
50000
2
50000
50001
50000
50000
2
2
50000
50000
50001
50000
9
50000
1
2
50000
50000
50000
129
50000
50000
50000
50000
50000
50000
50000
2
3087
2
50001
1
741
50000
50000
50000
50000
49
50000
39028
116
50000
50000
50001
50000
11
23
2
50000
12987
1
50000
5
50000
50000
2
50001
50000
50000
50000
12
50000
603
40
50000
166
50001
50000
1
11
50000
2
1
50000
50001
5
50000
135
50000
50000
16
50000
50001
50000
1639
3231
4
50000
50000
193
50000
5
50001
489
50001
50001
97
50000
1
50000
31
50000
2
50000
50000
4
871
50000
220
14974
50001
306
12
4
50000
50001
387
4
50001
50000
50001
50000
40
31
1
954
50000
89
50000
4342
50000
4
18
50000
50000
121
50000
50000
1
50001
50001
50000
50000
50001
220
50001
50001
479
50000
50000
50001
50000
50000
50000
50000
50000
431
50000
50000
50000
50000
50000
71
1
50000
1
50000
1805
128
50000
50000
21
223
5228
4
50001
50000
1
50000
50000
50000
50000
50000
50001
50000
50000
4
38
50000
1
50000
50000
1199
19
50001
3
50000
50000
9
5
2
50000
50000
196
50000
50000
50000
50001
50000
46
10
50000
267
1
50000
25
50000
50000
50000
895
50000
50001
50000
3
50000
50000
280
50000
10
50001
50000
50000
50000
50001
69
3732
50000
50001
2129
50000
63
50000
50000
50000
50000
1
7
50000
50000
1216
27918
50000
50000
50000
50000
50001
50000
1
42
50000
1
2
50000
50000
9
50000
50001
50000
50000
50001
50000
50001
50000
37
1612
50000
50000
47
4
50000
50000
50000
1
13
50001
61
1
50000
50000
50000
694
1
50000
193
242
2
3
50000
50000
91
50000
50000
50000
50000
50001
2
160
50001
50000
50000
50000
14
50000
8
50000
3242
50001
50000
13609
4
1
1
50001
53
50000
3
50000
50000
104
50000
8
50000
50000
1
50000
2051
50001
50001
50000
50000
50000
50000
12
50000
50000
50000
50001
50000
50000
50000
35914
5641
50000
50000
302
1001
50000
50000
50001
50000
32
7
2
50000
50001
50000
50000
50000
50000
1
347
50001
56
12195
605
50001
50000
1
50000
50000
50000
50001
50000
50000
25464
50000
50000
50001
7
50000
50000
2332
50001
50000
50000
50000
50000
50000
50000
50001
50001
50000
1
50001
50001
50000
50001
5
50000
50000
50000
38
1230
50000
50000
50000
11
50000
50000
50000
50001
50000
50000
50000
50000
82
50000
195
50000
50000
50000
2
50001
50000
50000
50000
50001
50000
50000
661
20239
17
50000
50001
22
50000
50000
265
20
50000
50000
50000
50000
1234
50000
2
50000
50000
50000
1129
50001
50000
9893
50001
1
50000
50000
50000
50000
50000
50000
4
584
50000
50001
50000
50000
969
38
50001
50000
50000
47
2
50001
50000
50000
1
50000
8
50001
1
50001
1
50001
33
4943
588
50000
50000
50000
1
50000
228
50000
1829
50001
1
1
12733
50000
50001
50000
50001
50000
50001
50000
50000
50000
50000
50000
50001
1
50000
50000
50000
50000
2
50000
50000
50001
50000
50000
3868
309
4
50000
1
50001
50000
281
50000
6592
50001
50000
50000
50001
553
50001
50000
2
50000
50001
50000
50000
50000
1
50000
50000
50000
50000
50000
50000
50000
26443
1
50000
50000
43
4
50001
39
415
50000
50000
50000
82
144
50000
1
50001
1
50001
1
50001
1352
50000
9
4458
50000
50000
50000
64
50001
2
50000
50000
23435
50000
50000
50000
34
50000
50000
50001
71
50000
50000
50000
50000
50001
50001
50000
5
50000
50000
5
50000
50001
1
28
6
50000
50000
18
81
50000
50000
50000
50001
50001
135
306
59
1
50000
1
50001
50000
50000
50000
50000
50000
50000
50000
164
45069
50000
50000
50000
1597
5
50001
50000
71
50000
8
50000
50000
353
50000
50000
5226
50000
2
160
50000
296
50000
1
50001
50000
50001
50000
18
1
5
50000
50000
50000
50000
50001
32
50000
50000
50001
23
50000
1851
50000
3
50000
50000
8842
9
1
12
50000
50000
50000
152
1013
50000
3
50000
401
323
50001
50000
50000
50001
3
153
61
2713
15
50001
7
50000
50000
50000
50001
39900
500
2137
41
50000
50000
50000
50001
50000
50000
50000
50000
50001
50000
50000
1319
50001
50000
50001
50001
3
38
50001
30
50000
5
50001
1
4
50000
33
50000
14991
50001
50000
50000
2348
5
50000
50000
50001
50000
4
88
6
348
1
704
50001
50000
1806
50000
50000
50000
50000
50000
50001
50001
50000
50000
157
50001
50000
1
23
140
1
8
50000
29
50000
1300
17018
50000
41
1
50000
50001
50000
7
50000
50000
50001
50000
50001
1
2
299
1
50000
50000
50000
2
50000
50001
1
50000
50000
50001
50000
1
50000
50000
11
8
82
30340
50000
18
79
4160
164
50000
50000
8
2
164
1
50000
50000
50000
50001
2
50000
50001
14
50000
50000
3154
50000
586
168
102
50000
10
50000
50000
50000
50000
50001
50000
50000
50000
50001
1
50000
5
50000
50000
809
240
12
3
50000
50000
50001
50001
50000
50001
50000
67
50000
50000
50000
1
50001
50001
124
50000
14
72
50000
50001
356
50001
50001
50000
2
749
50000
50000
27
6
50001
50001
756
599
1
8
50001
50001
50001
50000
544
50000
50000
50000
50000
2
50000
50001
391
50000
1
50000
8664
1
50000
50000
494
50000
120
2743
50000
50000
50000
50001
50000
42
50000
50000
50000
50000
50000
50000
17693
4
50000
50000
9
50000
7118
36
50000
50000
50001
50001
50000
3238
50000
1
188
50000
50000
1
50000
1
50000
526
13
50000
50000
1
50000
50001
50000
50000
7
69
50000
4
14980
50001
23
2
50001
50001
50001
50001
4953
50000
48
2
8
50000
50000
50000
50000
50000
2
50000
56
6
556
50000
50000
50000
1
50000
50001
50000
50000
50000
11082
50000
95
50001
50000
4
50000
50000
50000
50000
50000
17
173
50000
1514
4447
10
50000
50000
50000
50000
50000
50000
214
50000
10
50000
50001
50000
50000
8919
1758
50001
3458
51
12
7
31
50000
18417
1
4707
50000
50000
50000
50000
1
13
114
26
4
5
28
50000
50000
50000
50001
50001
50001
50000
50000
50001
1
50001
50001
50000
50000
1790
50000
50000
18
50000
50000
50001
13
50000
50001
50000
50000
50000
50000
50000
1
3
50000
3
50000
905
50000
1
50001
2
50000
1
223
23
453
45
1909
15
27
50000
29
50000
50001
8
50001
5
50001
50000
50000
28
1
50000
39
3
50000
50001
50000
1
162
50000
50000
50000
50001
50000
50000
50000
1
22
50000
174
685
1
3
50000
19030
50001
50001
50001
50000
50000
50000
50000
50000
50000
1
50000
2
50000
50000
62
76
50000
2
50000
3815
50001
123
50000
706
50000
4
50000
50001
1
50000
50000
50000
425
50000
50000
213
50000
1
50000
50000
50000
50000
30
1139
11
329
50000
50000
50000
50000
1
50000
1774
50000
2966
50000
2422
812
50000
50000
7788
50000
50000
50000
3
17330
50001
338
592
1
50000
1
50001
1
33
367
50000
50000
50001
148
748
2
50000
50000
50001
7
50000
2268
50000
5
50000
50000
641
50000
50000
50000
50000
804
3
50000
50000
50000
50000
1
50000
50001
1
50000
2
50000
50000
50000
50000
50000
2
50000
50000
50000
59
50000
32268
1802
3
2
50000
50001
1112
50000
50001
50000
2
4
50001
50001
50000
3
50001
50000
754
50000
278
50000
59
50000
50000
27
50000
32629
50001
50000
84
530
5
14363
50000
50001
4
2
25065
50001
233
50001
50000
50000
50000
2659
50001
50000
50001
50000
50000
337
465
50001
50000
549
50000
50001
50000
50000
50000
50000
50001
50000
50000
50000
20
50000
2
50000
1
1
50000
8
50000
50000
14
50000
20
50000
50000
2
50000
50000
50000
19606
33
5397
3377
50000
294
50000
50001
50000
771
113
50001
15
50000
50000
50000
50000
246
32803
50001
50000
22
50001
50000
588
50001
50000
50000
2
50000
4
3
1045
50000
50000
20
50000
21
50001
1
276
50000
50001
50000
50000
50000
50000
50000
50000
50000
1
6668
11
50000
50000
50001
50000
50001
543
50000
50001
50000
8
4
50000
14
50000
50001
50000
1
50000
53
178
50000
204
50000
10
6
50000
2
329
459
50000
1
5
2996
50000
50001
50000
50000
50000
50000
50000
2
2
50000
50000
50001
50000
50000
50000
4
50000
546
50000
50000
50001
12
1010
15711
2
50000
50000
1
1
50001
50000
264
50000
21880
50000
50000
50000
18
50000
50000
211
50000
50000
330
50000
1
50000
50000
50000
110
26
50000
50000
18927
1
40
11108
50000
9232
50000
9
8
2
13
50000
50000
50000
83
50000
50000
1
15
50000
167
50000
50000
50000
50001
50000
50001
842
50001
380
1
17
2
1783
574
50001
50000
67
50000
50000
50001
16
50001
233
50000
50000
50000
50000
50000
50001
47
50000
50000
4
50000
50001
94
2
50000
50000
5
97
1
50000
50000
101
50000
50001
1
3290
50000
9651
32
50000
2
50000
50000
168
1
1
50000
313
50000
50001
50000
28
50000
6
1
50000
14483
50000
6
50000
50000
50000
1
19286
50000
50000
50000
36
50000
1254
7
50001
4153
50000
7686
12080
50001
1210
50000
50000
50000
50001
50001
23
525
1
1046
1
687
50000
50000
50001
50000
25159
1
1
50000
5
48
50000
1
6
5
50000
50000
50000
1
1944
50000
1
50000
50001
3
50000
50000
1
1
50000
50000
2
3117
50000
50000
50000
50001
1006
50000
36
1
3589
50001
50000
50000
50000
1754
50000
50001
50000
50000
17
50000
50000
50000
1
50000
50000
50000
50000
50000
480
50000
1
35
50000
50000
50000
50000
8
50000
50000
1
50000
1
98
50000
50001
50000
50000
50000
1
34
50000
701
50001
7297
22
933
50000
50000
34611
50000
1
78
690
50001
320
36
50000
7
50001
279
50000
78
4689
50001
3274
50000
224
50001
86
50000
50000
50000
50000
50001
50000
50001
50000
35
4
50000
5
198
64
50000
50000
50000
2
38
50001
50000
1677
50001
50000
50000
50000
1682
50000
50000
408
50000
230
75
52
50000
50000
50000
24
50000
50000
50000
50000
50000
50000
50001
50000
50000
146
9
91
50001
50001
50000
13
2
8146
2253
1
10
2038
1055
5992
4
50001
50000
902
1
50000
4
1490
50000
14036
50000
50001
3171
50001
3
50000
50000
50001
50000
540
50000
50000
50000
4
2
50000
50001
50000
50000
50000
1
2
4
11
50000
306
50000
50000
50000
429
50000
50000
50001
50001
50000
50000
50000
1
166
50000
50001
50000
50000
160
2853
50000
50001
50000
2743
50001
50001
116
50000
35
50001
50000
36
50000
50000
50000
50000
50000
50001
50000
100
1
1
50000
3001
50000
50000
1
50001
50000
50000
7
50000
50000
50000
50000
50001
50000
5276
50000
50000
50000
50000
107
50000
50000
34
50000
50000
2272
50001
50000
50000
50001
50000
1
50001
1402
50000
50000
50000
50000
50001
50000
59
50000
696
50000
497
50000
50000
50000
50000
1
11
50000
50000
1
50000
1
11
581
25
2602
50000
50000
231
50001
5
92
50000
2
1400
50000
4
50000
4354
62
50000
8758
50000
50001
16
1148
123
94
1
50000
124
4
1
50000
6
43
50000
15
50001
50000
1
12
1745
6966
9
50001
50001
21
137
50000
50000
8
50000
136
4
50001
50000
50000
1
50000
9
7
50000
50000
1
50000
50001
2
202
50000
50000
50000
15940
50000
11
50000
50000
2407
5
7219
50000
50001
50000
50001
50000
50000
1
50000
50001
50001
5
50000
7
19
2049
16700
622
50000
1
50000
7
115
22
50000
38
50000
50000
50000
2
50000
10
381
1
1
50001
50000
1
50000
50000
50000
3
25
1
7
1060
1
50000
50000
4
71
50000
50001
50000
50000
50000
50000
50001
50001
50001
1246
50000
50000
3
59
12196
50000
6181
50000
50000
35
50001
5
50001
50000
50001
44
50001
50000
50000
50000
913
50001
50000
50000
11
50000
50000
1
50000
12
50001
44
50001
3217
50000
50001
4
1
50000
5
50000
50000
50000
50000
50000
50000
50000
349
50000
50000
50001
50000
50000
1928
50000
22
50000
15
50001
50001
50000
50000
50000
18122
211
523
50001
50000
13
50000
50000
3120
7122
50000
50001
50000
17
170
156
50001
50001
50001
859
50000
2
50000
7704
50000
50000
123
50001
50001
8
50000
50000
50000
264
50000
50000
155
50000
2
10
50000
50000
2
482
50000
1
597
50000
50000
50000
344
50000
50000
50000
50001
7
50000
50000
50000
50000
50001
50001
2
50001
50000
2
50000
50000
9
50000
50000
50000
50000
50001
1
1
50000
50000
137
50000
20
50001
50000
50000
50000
526
50001
50000
50000
14
50000
50000
50000
50000
50000
59
50000
50000
50000
1
50000
50000
50000
50001
50000
50001
8
3
50000
9
24
50000
204
50000
50000
50000
50001
50000
1710
1
346
50000
50000
78
9
50000
1
50000
50000
50000
56
2
16280
2
1
50001
50000
50000
50000
50000
273
50000
50000
33
50000
50000
50000
50000
18
50000
50000
7972
50000
44
50000
50000
50000
50001
50000
50000
50000
2018
391
50000
50000
2
547
50000
50000
268
10600
50000
50000
50000
50000
3635
50000
49
50000
18600
2
50000
110
50001
50000
50001
2
20
3
103
50000
50000
50000
29
50000
50000
50000
2
50000
50000
50000
50000
1
50000
50001
39
50001
50000
50000
70
50001
1
50000
50000
650
50000
2
114
50001
50000
1007
4
5
50000
50001
3034
50000
50000
50000
50001
50000
50000
50000
1662
17
22
50001
4
40
50001
50000
50000
913
50000
50000
27627
1
6
50001
50000
5
2
50000
50001
2829
50001
50000
2996
50001
50000
1300
1
50000
50001
5482
50000
50001
50000
50000
1
2
17
6
50000
1617
2942
763
50000
50000
1654
50000
50001
50000
3844
177
3570
10
50000
50001
50001
3
6
14
50000
4
1
1
15
50000
1
50000
5
382
3
50000
5
50000
50000
50000
11
50000
50000
50001
50000
50000
50001
6
2
50000
50000
50000
50001
50000
50000
50001
83
50000
50000
50000
50001
50000
50000
3697
685
50000
50000
50001
4
50001
50000
50000
50001
50000
50001
1623
50001
50000
582
1
50000
236
14
50000
1
385
50001
50000
14025
50000
30
50001
8
50000
1168
50000
50000
50001
50001
3659
7137
1
50000
50000
225
50000
857
633
50000
1
1135
50000
50000
50000
1
50000
34
50001
50000
50000
50000
50000
50000
50000
50000
50000
1
50000
32
61
8
50000
1
50000
69
50000
50000
50000
25512
50000
50001
1650
50000
12
274
50000
50000
401
50000
10
50000
919
50000
6
50000
50001
69
117
50000
9925
50000
50001
50000
6
50000
50000
50001
112
1
50000
50000
50000
50000
50001
50001
2
1
239
3
2
50000
50000
50000
50001
50000
55
17
50001
50000
277
1
6
33
2
50001
50000
21
50000
50000
3
50000
50001
1
50000
50000
8443
50001
65
50000
95
258
50000
50000
50001
50000
50000
173
50000
50000
1
1
1
50000
50000
50001
5423
9972
372
2775
50000
1
4
3809
448
50001
50001
50001
50000
50000
31
50001
467
2
50000
50000
50000
52
50001
50000
6187
50000
1
50000
1
778
50000
50000
50000
1
50001
1
50000
4
2
1
21
212
50000
49
50000
416
2
50001
134
288
1
50000
17
50001
2
50000
288
50001
50001
50000
50000
883
50000
50000
50000
50001
1
82
46
5
50000
50000
50000
50000
1
142
50000
8594
50000
1
50000
50000
50000
11
50000
63
2
12
50000
50000
50000
50000
2
50000
50000
50000
50000
50000
50000
50000
50000
6
50000
50000
50000
50000
50000
257
4
127
9079
2337
50000
39
3714
8
50000
50000
50001
50000
50000
50001
43838
2
50000
454
50000
1
50000
3
28
2443
50000
29978
2
50000
50000
50000
50000
50000
20701
50001
1
50001
50001
102
50000
50001
50000
50001
10
50000
50001
50001
50001
50000
50000
50000
50001
16
51
163
8
50001
50000
1
50000
50000
1
50000
50000
50000
50000
33
50000
50000
1
50000
50000
1
9050
50000
50000
4
1
50000
50000
50000
1
3
12
50000
50000
3
4
50000
2
50001
1
50000
50000
50000
50000
50000
6
50000
50001
50000
1
160
50000
15
50000
11
3
50000
50000
50001
50001
50000
1
3466
50000
50000
50000
1
343
50000
50000
50000
1
50000
50000
50001
1
6238
503
50000
1
50000
135
50000
50001
50001
50000
1
107
4
2106
50000
110
50000
50000
322
50000
50000
50000
50
50001
1913
50000
21
2
55
6223
50001
50000
50000
50000
1
50001
50000
3147
1
955
50000
11259
50000
50000
6896
1650
50000
4
3
50001
50000
50000
1
20039
915
50001
2407
50001
1
50000
50000
50001
19
50001
50000
50001
5
50000
50000
50000
7
36
50000
50000
50000
50000
50000
50000
50000
186
50000
50000
50000
50000
89
50001
3832
8
50000
50000
50000
50000
50000
33
50000
50000
50001
50000
1
50000
50000
43
50001
50000
50000
50001
20
50000
50001
39
50000
50000
1
6
50001
2
50000
50001
50000
50000
2
50000
1
2
1
436
85
1
50000
1084
50001
1
1
104
450
50001
292
50000
50000
50000
50000
50000
50000
262
4
12
50000
50000
1
3508
50000
50000
50000
50001
50000
50001
50000
50000
39
50000
3
984
50000
50000
50000
1
50001
50001
50000
50000
50000
406
50001
50000
31
50000
3
50000
1
1
788
50001
50000
50000
1
1
50000
29
50000
50000
50000
8061
7
50000
674
3037
50000
2333
50001
79
46
188
2
50001
248
6
50000
50000
50000
3
50000
50000
50000
50001
23
50000
50000
363
3
50000
50000
50000
15
50000
32
50000
50000
50001
50000
50000
50000
50000
50001
378
50001
50001
5010
50000
50001
42
50000
50000
1
50000
50000
4
50000
2
50000
50000
50000
50000
50001
50000
50000
3291
2
2
50000
50001
5
50001
50000
1
50001
50000
50000
50000
50000
50000
50000
50000
42
50001
10
2
50000
302
50001
50000
50001
50000
50000
136
50000
11
117
821
10
1
1810
624
1
50000
50000
5
50000
216
1187
56
50001
1
217
50000
50000
50001
25956
50000
50000
18
424
50000
50001
50001
50000
50001
50000
50000
50000
50000
12855
672
2
50000
2
8203
50000
12
170
1
50001
565
50000
50000
32883
149
50000
50001
14509
50000
112
1
50001
50000
50000
286
50000
15545
349
50001
50001
50000
50000
50000
1429
34313
50001
50000
50000
50000
7733
1
50001
50000
50001
50000
50000
50000
72
6961
50000
1
1
50001
50000
1
2606
121
1
2
2
50000
50000
50000
50000
1
50000
135
50000
15
176
50000
50000
3537
50001
50001
50001
1
50001
50000
50001
50000
50000
50000
457
50000
50000
105
2926
50000
50000
50000
50000
50000
50001
50001
41
50000
102
50001
50001
50000
50000
50000
27
589
60
10
50000
2
50000
342
9173
9
3466
1
50001
1777
50000
50000
50000
6580
3628
50000
50000
19
2287
2254
58
1
50000
50000
50000
50001
965
50001
50000
50000
204
250
275
1
50001
2
9
50000
50000
50001
10804
7
50000
50001
2
50000
1
50000
36
356
50000
50000
50001
6
40
36
50001
1
50000
50001
50000
50000
50000
50000
50000
50000
50000
50001
50000
50000
7
50000
50001
1
50001
50000
50001
18
2565
50000
400
50001
50001
50000
775
50000
50000
176
50000
5
50000
79
50000
7865
618
50000
50000
8
50001
1
50000
50000
50000
50001
50000
9
14
50000
50000
6
50000
50000
50001
50000
232
50000
50001
2
1
50001
50000
46846
3849
50001
31
6
50000
50000
2
50001
50000
50001
730
50000
1
50001
1
50000
50000
76
306
30
1
4
1
50000
288
50000
50000
50001
14
50001
50000
50001
4
50000
12
15
50000
87
13
50000
241
50000
50001
50000
50000
221
134
50000
50000
1
3
50001
50000
50000
50001
50001
36
50000
1
5
50000
3
50000
1950
50000
144
3066
1
1
50000
50000
50001
50000
50000
50000
50000
50000
3
50001
36
50000
737
162
50000
975
456
1
50000
50000
50000
50000
308
50000
50000
19
2116
12420
50000
50000
23480
50000
50000
50000
50000
1041
50001
50000
50000
50000
1
50000
50000
169
50000
50000
50000
50000
50000
3530
50000
50000
1
7
50000
2059
50000
50000
654
50000
4704
50001
50000
50000
2082
50001
50000
42
12
50000
50000
10
1
50000
2
11418
430
50000
50000
50000
50000
50000
4
13934
1
38
50000
1473
50000
3
1
50000
50000
10
50000
226
19
50000
50000
50000
3
3
2
50000
105
43219
50000
50000
50000
768
175
1
1
50000
50001
8761
50000
50000
50001
3
50000
137
50000
50001
50000
50000
50000
50000
771
4
50000
4
50001
1736
165
50000
50000
327
8
36026
55
1
47
50000
50000
50000
50000
50000
50001
50000
50000
50000
50000
50001
50000
50000
6
50000
50001
26
50000
50000
50000
50001
50001
2
50000
50000
50000
50000
50000
50001
10
20696
50000
50000
50000
25617
8113
50000
50000
50000
50000
50000
50000
50001
50000
50000
50000
2
2
50000
50001
1
50000
1
50001
333
50000
52
50000
50001
1119
147
50000
106
50000
50000
50000
37
8
389
3
50000
50001
1
17
50000
50000
1
2
5
3
50000
50000
50000
35
1171
50000
50000
50000
50000
4
1
50000
50000
50001
101
50000
23
50000
1
50000
50000
50000
50000
50000
50000
50000
50000
50000
1
6
50001
50000
50000
3
50000
7917
78
2
2
50001
50001
698
50000
4880
331
50000
50000
50000
50000
76
50000
50000
248
50001
50000
37
50001
50000
50000
50000
50000
5
335
228
50000
50000
50000
50000
50001
1
2
10
1
50001
50000
2
50000
50001
50000
50000
50000
504
50000
50000
50000
50000
6
50000
1
50000
1
2
50000
50000
50000
6564
50000
15
22
50000
299
50000
50001
23
50001
50000
45
3567
7
19227
50000
50000
41
50001
50001
50001
222
50000
50000
50000
1
50000
50000
50000
50000
2515
50001
2
50001
50000
10
50000
50000
1
2
50000
50000
50000
50
3251
50001
21
1
5
1
19
58
50000
50000
50000
50000
50000
1
1040
31
50000
7198
277
50001
50000
50000
50000
50000
50000
68
631
129
50001
5
50000
50000
50000
42
50000
8
50000
50000
1
50000
50000
50000
50000
50000
50001
120
2710
50000
50001
50000
50000
73
2418
238
50000
4
50000
50001
50000
155
1
17
683
50000
50000
2
50001
54
50000
50000
4
28
1
50000
3492
1
50000
22
50000
1
50000
50000
50001
18
50000
50001
50000
50001
50000
1020
1
50000
50000
50000
16702
50000
50000
50000
50000
1
50
50000
217
50000
50000
1
50000
2
1918
50000
50000
10
50001
50001
9
556
4925
50000
6
50000
14
50000
50000
9
2550
50001
50000
6
1
160
960
50001
61
50000
50000
50000
126
121
50001
9
8825
50000
5
50000
50000
50001
50000
50001
7000
1
1
17
41
2
1417
50001
50001
50000
50000
1
39
5599
50001
727
17
50000
50000
50001
3
50001
50001
4685
50000
4
50000
50000
50000
50000
50000
6008
180
50000
1312
2
4
50000
50001
7
50001
50001
3
46
50000
18
50000
50001
50000
50000
9
4019
1
1
50000
50000
2
50001
50001
50000
50000
50001
78
7409
50000
50001
683
50000
50000
50000
3
3
50000
50000
50001
1
1
489
6
50000
50000
50000
50000
15
50000
8
1
22
866
6
23395
50000
50001
18
1
1
1
684
12
50000
86
50000
31
50000
50001
6
50000
50000
50001
7
50000
50000
50000
285
50000
50000
50000
50000
5410
50000
50001
12582
1
50000
282
50001
10
26
50000
50000
50001
50000
50000
50000
50001
50000
50000
50000
50001
50000
8454
50001
50000
2
65
50000
333
194
50000
1
50000
24
50000
2
1
50000
50000
50000
50000
2
50000
50000
50000
1
50000
50000
22
50000
50000
71
50000
50000
1
50000
50001
2
50000
529
50001
1285
50000
1
50000
1
10
50000
951
143
156
1
50000
50001
50001
50001
50000
50000
50001
50000
16
50001
46
7579
50000
50001
50000
50000
50000
50000
94
50000
50000
6
50000
50000
50000
50000
50000
7404
11
2317
50000
50001
50000
4
50000
1
1
1472
50000
50000
50000
50000
50000
50000
50000
9
1404
126
50001
3
50000
16
50000
12
50000
50001
50000
50000
71
900
50001
3852
50000
1
2
50001
50000
11
15053
812
8
50000
1
50000
50000
50000
50001
50000
50000
50000
50000
50000
50000
50000
19
3487
50000
2344
50000
50000
1
50001
50000
31
50000
50000
86
50000
1
50000
31
19
50001
50000
50000
39
3
1
50001
1655
50001
50001
50000
684
2
1
50000
19
1
2
50000
4128
2
169
50000
50000
1941
10976
50000
50000
33
50000
50000
50000
50000
244
50000
50000
50000
50000
50000
50000
50000
50000
50000
2
50000
50001
3
50000
6786
50000
50000
1193
50000
50001
50000
50000
50000
2009
10
1725
50000
20
50000
26
50000
50000
13
50000
161
17708
50001
41734
50000
50000
50000
50000
127
1
50000
50000
50000
49571
259
50000
50000
50000
1
50000
50001
2
50000
1897
6
50000
3
50000
19024
39
50000
50000
26
1
50000
50000
50000
7
487
50000
50000
1
50000
50000
31
50000
1
50000
70
50000
50000
1
14
13485
50000
14
50000
50001
50000
50001
2565
50000
9544
50000
17
50000
50000
4
35298
1462
50001
288
260
57
50000
1
50000
50000
50000
50000
50000
347
50000
50000
50000
50000
50000
50000
655
50001
4
50000
50000
51
117
6
50000
50001
50001
50000
50000
23
50001
50000
3213
597
50000
4
50000
50000
168
50000
50000
50000
1762
50001
50001
50001
50001
50000
50000
50000
50000
50000
287
50000
50000
9
50001
1
412
50000
1014
50000
102
19
50000
50000
50000
50001
1
4560
50001
23264
2
50000
146
50000
22706
50000
50000
5
36
50001
50000
50000
502
50000
50000
67
50000
50000
50001
13
91
50000
226
180
1
9
50000
50000
50000
50000
50000
50000
1
97
40
50000
3
50000
69
72
50001
27
11
50000
50000
48
50000
4145
50000
1
50000
50000
50000
979
526
1
92
50001
32
50001
61
50001
9
50001
176
50000
50000
50001
31
50000
47
50001
50000
50000
50000
1
1
50001
7
3
50000
50000
50000
50000
50000
1
50000
50000
50000
50001
50001
4425
75
50000
50001
54
50001
50001
11
50000
15
50000
50000
50000
50001
5
50000
50000
50001
4
50000
50000
50000
50000
50000
50001
1
50000
6803
50000
50000
50001
50000
50001
50000
1
50000
50000
50000
50001
1452
2153
50000
50000
50000
50000
18
401
50001
50000
50000
50000
4
1551
113
50001
1
50000
1
50000
50001
152
6
16
1
50001
5
5600
50000
50001
50000
619
744
50000
1541
50000
12
50000
50000
5066
50000
2
50000
50000
6
50001
3172
149
50000
50000
1
50000
100
50000
50001
50000
50000
379
50000
1
128
50000
12
9
9
50001
2
115
12
50000
50001
50001
50001
50001
50000
50000
50000
50000
50000
50000
50000
50000
50000
50001
676
9
50001
50001
93
1540
50000
1049
1
50001
50000
50001
2972
2
1
79
14670
50001
50000
5779
50000
66
2
50001
50000
5
50000
50000
41
50000
50000
2029
50000
445
50000
50000
185
50000
50000
50000
2
124
50000
29
50000
50000
50001
1567
10656
50000
343
50000
1
50000
10
121
167
11
50000
50000
50000
2
9500
50000
50001
1
252
50000
50000
50001
20898
50001
50001
50000
1
50000
50000
370
50000
7
10
44
23
50000
2619
118
50000
50000
50000
50000
50001
15997
65
50000
20
50000
50001
50000
1
2
1
50000
50000
50000
50000
71
1
50000
50000
192
50000
50001
4
1450
50000
50000
50000
50000
10737
50000
18969
2
50000
50000
50000
4
1
50000
50001
50000
50000
50000
50000
1
50000
50000
50000
50001
474
50000
29
14
5
50000
2211
50001
195
234
50001
50000
50000
50000
45518
50000
1
50000
50000
11
50000
50000
1
13
50000
50000
50000
118
204
50000
95
50001
50000
9
50000
50001
50001
50001
24
50000
50001
50000
50000
50000
1
13
898
50000
79
2172
1013
2
50000
23
50000
50000
50000
50000
50000
10
50000
50000
50001
11233
50000
24
50000
50000
50000
50000
50000
50001
50001
9
50000
18440
50000
50000
98
430
472
50001
123
50001
9360
1
69
50000
50000
50000
50000
50000
50000
50001
8067
50000
50000
1
50000
50000
50000
50000
36
50001
50001
50000
50001
50000
50000
50000
50000
266
50001
50000
50001
50000
15
50000
50000
6
50000
50000
50000
50000
50000
1
128
50000
50000
9
50000
50000
1826
3622
50000
50000
50000
12
50000
9
9
355
1
50001
50000
50000
50000
32959
259
50000
232
1545
50000
50000
2
50000
82
50000
50000
50000
27
50000
1
50001
50000
50000
50001
50000
50000
7261
50000
278
50000
50001
50000
32
3
50000
50000
317
50000
50001
50000
50000
882
231
23
707
1
4
50000
50000
50001
17367
50000
50000
2
50000
50000
500
6
48
50000
50000
2
50000
51
50000
50000
50001
50001
50001
16
50001
50000
1
50001
819
2
50000
50000
50000
13
36
50000
50001
269
50000
1
50000
50000
50000
50000
50000
50000
98
50000
50000
50000
50000
50000
50000
7772
50000
475
50000
50000
306
50000
50000
50001
1058
8
1
50000
13
50001
50000
50000
50000
50000
84
50000
50000
2
50000
