50000
50000
249
50000
50001
14
50000
39
50000
1423
50000
50000
50000
50000
50001
50001
50000
50001
289
50000
50001
49
50000
50000
50000
50000
1523
2635
10
9
50000
1245
128
1
50000
62
4473
10
50001
50001
50000
50000
50000
50000
50001
50000
21
86
50000
50000
35
50000
50000
5
50001
222
50000
50000
50000
50001
357
50000
50000
50000
50000
50000
50000
50001
50000
1
50000
50000
1
50000
50000
50000
50001
50000
4
50000
50000
50000
50001
50000
6
50000
2
50000
918
50000
169
3672
50000
50000
50000
50000
50001
2
50000
1
92
44
50000
50000
1
50000
50001
1
1
50000
50000
1
53
1
50000
1
50000
1
3
50000
50000
50000
50000
452
50000
1
20
50000
1412
50000
50000
30
50000
50001
353
50000
50000
10
50000
50000
50000
50000
50000
125
50000
4
50000
143
50001
4
50000
9
50000
50000
339
50000
50000
50000
50000
1
50000
50000
50000
50000
50000
50001
1662
50001
50000
50000
50001
349
2
50000
1
2
3
2
50000
50000
50000
23
1
50000
50000
853
50000
50000
50000
50000
1
50000
4
50000
50001
8
50000
50000
146
50000
50000
51
37
50000
9
50000
50000
14
50000
50000
50000
50000
50000
50000
50000
55
50000
50000
50001
50000
50000
50000
50000
50000
50001
50000
50000
50000
1
72
50000
50000
50001
50001
50001
50000
50000
50000
50000
1
50000
50000
50000
11
50000
326
50000
50001
50001
50000
50000
2
50000
50000
50000
50000
50000
50000
50000
65
50000
50000
6
50000
2
50000
50001
50000
102
40165
50001
50000
50000
2
1
50001
67
50000
50000
50000
39
50000
50000
10
50000
1
50000
50000
1919
50000
4065
64
50001
50000
50000
303
50000
50000
50000
50000
50000
15
50001
50001
50000
2692
26
2
50000
50000
35
50000
50000
50000
5
50001
50000
50001
50000
50000
50
50000
2
47
50000
6
117
50000
50000
50000
53
50000
23
50000
1
50000
371
50000
50000
50000
50000
50000
50000
1
5
50000
50000
50000
50001
50000
50000
50001
50000
50001
1
50000
50000
7
6
50000
50000
50000
50000
767
50000
50000
21865
4
1
1
50000
50000
50000
50000
50000
50000
50001
50000
50000
50000
50001
50000
50000
50000
50000
50000
930
50000
50001
50000
1
50000
50000
50000
50000
2
50000
1
884
3
50000
50001
50000
50001
50000
105
50000
98
50000
50000
50000
1
50000
50000
167
50000
50000
6577
7
50000
50000
50000
175
50001
50000
426
50000
3
50000
50000
50000
50000
86
50000
50001
50000
50000
50000
64
50000
50000
50000
50000
50000
50001
50000
50000
50000
5
50001
50001
50001
678
18
1
50001
17
22
50000
50000
50001
50000
50000
50000
50001
50000
1
15
50000
4
2
50000
50000
50000
50000
50000
478
24
50000
50000
50001
50000
50000
50000
1
50000
50000
50000
50000
50000
50000
1162
171
50000
85
50000
340
114
50001
50000
50000
50000
27
2
50000
50000
9
409
50001
50000
50001
50000
50000
50000
50000
50000
50000
50000
50000
50001
12
50000
50000
7
50000
50000
50000
50001
50000
2365
50000
1
50000
66
1799
41
50001
50000
50000
50001
220
50000
40
50001
12
43
50000
9
50000
50000
111
50001
50000
50000
10
39
274
50001
50000
50000
50000
50000
50001
50000
4
50000
50000
1
50001
50000
50000
50000
50000
26
50000
50001
50001
1084
50000
16
50000
5
50001
50001
1728
50000
50000
15112
50000
50000
50000
21
23
50000
1
50000
2782
50000
50000
50000
50000
50001
50001
50001
50000
50000
26
2315
50000
50000
50000
39
20
41
50000
1164
50000
50001
7
227
50001
50001
50001
50000
50000
50001
15276
50000
50000
1446
50000
50001
50000
50000
1
730
50000
41
5757
50000
1
50001
50000
1
570
2
1
25450
50000
50001
62
1
17
50000
50000
64
50001
50000
6
12
50000
4
50000
50001
50000
50000
50000
50000
373
10
40
1
50000
1173
1
1
50000
50001
50001
1
50000
41
1
294
50000
158
50000
50000
50001
9
135
4
50000
50000
5
50000
50000
792
50001
4
50000
8265
2
3919
50000
50000
50000
50001
50000
50000
50000
15
5
3
3
50001
50001
2
233
50000
35
50000
50000
739
1
50000
50000
1
50001
6379
50000
50001
12
4
50000
64
50001
50000
1
2
1
50000
50000
50000
50000
50001
5787
2
50000
1
17
50001
338
50000
50001
50000
1
1
865
50000
50000
50000
50000
50000
50000
50000
50000
50001
2
50000
50000
2
4
50000
50000
50000
50000
50000
1
50000
25
50000
50001
2
50000
50000
50000
50001
144
50001
50000
50000
179
50000
52
26
21
141
50000
8
50000
50000
1
211
50001
217
50000
50000
50000
50000
50000
50000
50000
3
50001
50000
50001
50000
50000
50001
50000
190
14
50000
50000
50000
300
4
50001
50000
16
50000
50000
56
107
50000
44
96
17
50000
50000
1
94
50001
50001
50000
5668
50000
50000
50000
478
50000
50000
50000
761
50000
50000
50000
50000
50000
20
50001
50000
50000
50001
175
50000
50000
50000
50000
50001
1
50000
50001
50000
50000
41
50000
50000
10033
50000
50001
50000
4
50000
50000
50000
131
44
50000
81
50000
40
1
9
2
50001
50000
50000
1145
304
456
11
1
50001
3077
50000
50000
50000
50001
50000
50000
50000
50000
50000
50000
50001
50000
50000
1
9907
50000
50000
8
3
50000
2
26
50001
50000
50001
50000
1
50000
50000
21
14
50001
50000
50001
50000
199
50000
50001
522
50000
50000
50000
50001
50000
19
1
50001
1
50001
50000
50000
50001
50001
50001
50000
3
13
50000
16
1
50000
50000
50000
50001
50000
5
50000
50000
137
50000
50001
50000
19
50000
50000
50001
50001
50000
50001
50000
50000
1
21
50000
50000
50000
50001
50001
50000
50000
34
50001
50000
50000
50000
3
1355
50000
50001
50001
50000
50000
50000
50000
1
50000
50000
1
50000
50000
1573
158
50001
50001
50001
1
50000
50000
50000
74
2144
50000
50000
50000
50000
13
1
50001
50001
50000
198
50000
50001
50001
50001
50000
50000
50000
1161
380
50000
1
50000
50000
50000
1
50001
50000
50000
15871
3
50001
155
50000
50000
50000
3
50000
1
50000
50000
50000
50000
50000
50000
50001
50000
50000
50000
27
5576
50000
34
50000
1
685
50000
9
49
50001
50000
50001
1535
61
50000
50000
50000
50000
50000
50000
26
50001
27
50000
50000
50000
50000
79
31
50001
50000
50000
50000
73
50000
50000
50000
29
50000
50000
37
50000
1773
50000
50000
50000
50000
50000
50000
50001
50000
50000
50000
50000
50001
50000
5
50001
50001
50000
18
50000
50000
50000
90
50000
50001
50000
6
50000
50001
50000
50000
50000
50000
50000
50000
50001
4
50000
50000
50000
2
50000
8
50000
50000
50000
50000
50001
50001
50000
50000
4
310
3
1
50000
50001
50000
8434
50000
17
50000
50000
50000
2
50000
50000
94
50000
50000
48
2
17
50000
50000
50000
125
50000
50000
14
17
1438
605
1
1
4191
2
50000
831
50000
957
50000
50001
50001
132
910
103
7
50001
50000
10
50001
50000
50000
6
1
12
50000
50000
321
7
50000
161
50000
50000
50000
50000
50000
33
50000
1
42
50000
50000
50001
50000
50000
50000
50000
50000
50000
1630
50001
50001
50000
50000
50000
277
50001
50000
6
7856
50000
50001
1
50000
4
50000
3
50000
50000
50000
75
50000
50000
1
50000
9
1
50000
5
50000
50000
50000
50000
50000
50000
50001
50000
50001
1
50000
14
50001
50000
12
3
50000
50000
50000
50000
97
1
1
50001
50000
50000
2
25
50000
2
50000
50000
50000
50000
71
294
1
50001
50000
185
1
50000
50000
50000
50000
50000
792
50000
118
6987
50000
287
1
50000
5
50000
50000
50000
50000
50000
50001
418
50000
47
50000
50000
50001
50001
50000
374
50000
1
50000
96
50000
366
50000
92
50001
50000
50000
1
50000
674
50000
10
50000
50000
50000
1
50000
50000
50000
50000
118
50000
50000
1
50000
50000
1
50000
553
94
44
5
50000
50001
50001
50000
50000
50001
3
18
50000
50000
50000
50001
50000
1
1
2854
1275
50000
50000
50000
50001
1
50000
3
50000
327
50000
50000
19
50001
50000
6
50000
50000
50000
50000
4
50000
610
50000
50000
50000
1
50000
50000
2
50000
7
303
50000
13
50000
50000
1603
36
4
1
2
50000
61
50000
7
50000
50000
50000
50001
50000
50001
50000
50000
50000
50001
26
22
25
7
2786
15
50001
50000
50000
50000
50000
50001
50000
50000
50000
50000
50000
50000
50001
1
1139
50000
50000
1
50000
235
50000
50000
40
50000
235
149
82
25
50001
50000
50001
50000
50000
4
50001
50000
50001
50000
50001
50000
50000
50000
50000
50000
797
6
50001
50001
50000
137
50000
50001
50000
583
50000
197
50000
50001
50000
50000
50000
50000
50000
1
50000
50000
1
50000
15
50000
50000
50000
50000
50000
50000
4
50000
1
2353
50000
4
50000
50000
50000
50000
50000
50000
383
50000
50000
50000
50000
89
50000
50000
50000
50000
50001
50000
50000
50000
50001
3558
1350
50000
2
83
1
1
50000
50000
50000
50001
50000
50001
50001
50000
50001
50001
50000
50000
1
1
50000
4764
50000
50000
50000
22
50001
675
50000
50000
50000
50000
50000
50000
306
50000
50000
2
50000
50000
1
50001
11
50000
50000
2
83
50000
50000
2
163
50000
50000
50001
50000
312
1355
2
50000
50000
50001
50000
50001
50001
36473
50000
50000
50000
50001
50001
50000
50000
129
50000
133
50000
50000
50001
50000
50000
50000
50000
25
50000
50000
248
19
16
50000
8881
50000
330
312
50000
2424
50000
50000
50000
50000
50000
1682
50000
3256
50000
5
50000
14
50000
50000
50001
1
50001
50001
50000
50000
2
50000
443
50000
50000
50000
50001
2
50000
50000
50000
50000
50000
798
42
50000
50001
50000
2
50000
163
50000
50001
50000
50000
50000
50000
50000
50000
219
50001
50000
50000
50000
238
50001
50000
263
50000
3
50000
50000
50000
50000
50001
50000
50000
103
50000
1
50000
772
50000
50000
50000
50001
1033
8
50000
50000
10
50000
50000
1
1
303
50000
47
50000
50001
50001
2
50001
50000
50000
1
348
5
50000
50000
50000
20
78
50000
1
50000
50000
50000
50000
50000
50001
50000
50000
1
50001
4
50001
267
50000
10
234
3136
50000
50001
50000
50000
50001
50000
50001
50000
50000
50000
50000
8
50000
50000
50000
1
35
50000
50001
48
3695
50000
50000
50000
50000
947
8
50000
50001
50000
50000
7
50000
50000
50000
3
50000
18
31
1
3955
50000
1
50001
50001
50000
50001
50000
50000
50000
50000
50000
10
50000
3
50000
4
79
50000
50001
1074
50000
1
50000
50001
17651
3
1
50000
50000
50000
50000
50000
2
55
50000
1
50000
50000
50000
4
22
50000
11
50000
50000
523
50000
6
1
50001
21
50001
19
50001
50001
50000
50000
50000
50000
50000
50000
2293
50000
50000
3
15
11
92
50000
25
50001
50000
18
50001
50000
45
21
50000
2
50000
2
50000
50000
50000
50000
50000
2
100
3458
50001
50000
50001
218
122
50001
90
1
50001
50001
15
133
2996
4
50000
24
1
50001
50000
4
9
50000
8
1
50000
50000
2
50000
50000
1303
50001
50000
50001
50000
50000
50000
50000
50000
50000
50000
13984
5
760
50000
1
50000
18
50001
50000
50000
50000
1136
50000
50000
50000
50001
116
50001
50000
50001
50000
50000
50000
50000
1
50001
50001
50000
50000
1
50000
50000
50000
50001
93
50000
50000
50000
50001
50000
50001
50000
50000
50000
1
50000
1
50000
50000
50000
50000
50000
50000
50000
242
50000
50000
50000
50000
50000
1
50001
50000
123
50000
50001
50000
50001
50000
50000
72
1
50001
50000
1
50000
50000
50000
1
50001
50001
50000
50001
50000
50000
50000
1
2
50000
2
50000
420
2361
50000
50001
22
50000
50000
50000
50000
50000
50001
50000
50000
41
50001
50000
50001
194
50001
285
50000
2
50001
50000
50000
50000
19
4
50000
50000
50000
50000
1
50000
50000
5
64
443
50000
50000
50000
50000
50000
50000
6963
50000
50000
50000
50000
1
106
50001
50000
1
50000
50001
50000
50001
50000
50000
50001
3837
27
50000
19
50000
50000
1
50000
50000
50000
50000
50000
50000
1
50000
25
50000
1604
50000
50000
50000
50001
50000
16
50000
50001
50000
50001
50000
50000
4
11
50000
50000
50001
50001
6
50000
197
3
50000
22
50000
50000
50000
50001
50001
12169
50001
17
50000
50000
16
273
50000
50000
50000
50000
50000
50000
50001
50000
728
50000
50000
1
50000
50000
50000
11
277
10
6
50000
50000
50000
33
50001
50001
50000
50001
2
50000
72
66
50000
50000
50000
50000
50000
50000
19
25
50000
3
50001
9
50000
50000
30295
50001
5
2
50000
50000
50001
50001
50001
50000
50000
1
50001
50000
4
50000
50000
50000
50000
149
667
12
50001
3
392
2
50001
50000
7
50000
50000
50000
1
50000
50001
39
50001
50000
50000
50000
50000
50000
50000
50001
7
16605
50001
3430
3
569
4641
1284
50000
50000
50000
50000
50001
50000
50000
50001
50000
752
50000
77
7
50000
50000
14
50000
50000
50000
50000
588
50001
50000
50000
50000
50000
327
50000
1
50000
50001
23
50000
50000
50000
50000
50000
50000
50000
50000
50000
50000
50000
50000
50001
50000
50000
50000
1
50001
16
50000
150
50000
50000
50000
50000
89
50000
6532
50001
122
50000
50000
50001
13
1
50000
15
50000
50000
1
4
50001
50000
50000
1
50000
50000
25408
50000
2
50001
4
2914
3117
50000
50000
50000
1
2
50001
50000
50001
18
50001
50001
1
50000
50001
1
50000
50001
21
6
50000
50001
54
50001
20
15
50001
3
50000
50000
50000
4
50000
50000
1
50001
8
3
1
50000
50000
50000
50000
50000
50000
530
69
2
29660
3
50000
50000
189
50000
50000
50000
50000
2675
1227
446
50001
50001
17
8630
50001
50001
50000
50000
50000
50001
50000
134
2
6
37
9
50001
50000
50000
159
50000
50000
1
50001
50000
50000
50000
1
50000
50001
50000
50000
50000
40
50000
50001
16
50000
50000
1
4147
50000
1
50000
50000
50000
50000
50001
50000
50001
6863
2
50000
11
50000
46
2521
405
50000
34
50001
50000
50000
2
50000
831
50000
50001
50000
50000
9
50001
50000
50001
50000
50000
50
50000
1021
50000
50000
50000
2
50000
1
50000
50000
50000
50000
50000
10
10
50000
4013
50000
50000
12
3559
50000
50000
1
1
4
50000
65
50001
50001
50000
50001
50000
50000
50000
50000
50000
50000
1288
4428
50001
50000
50000
3
2
50000
50000
50000
50001
50001
50000
50000
50000
50001
50000
1
50000
50000
50000
17
50000
50000
50000
50000
6
2
50000
50000
50000
27
5
50001
50000
1
50000
50000
1683
50000
3
50001
50000
50000
8
58
5
50000
50000
50000
76
50000
50000
50001
10
50000
50000
35
778
50001
50000
50000
50000
50000
1
50000
50000
50000
50000
50000
50000
50000
50000
50000
7
50001
2
50000
50000
50001
50000
50000
50000
1
50001
50000
50000
50000
50000
50000
54
139
24
50000
50000
50000
50000
50001
50000
50000
50001
50001
50000
4
50000
3
9
50001
74
50000
43
50000
50000
50000
50001
491
50000
50000
50000
4
50000
50000
50000
50000
50000
50000
50000
50001
50000
50000
1
50000
47
50000
50000
378
168
50000
50000
50000
50000
50001
50001
9
50000
50000
321
6
50000
4
50001
50001
50000
50000
50000
50000
29329
50001
50000
2
245
6
50001
3
50000
50000
4
50001
50001
2
50000
5678
50000
50001
50000
1
50000
50001
50000
50000
1
103
50000
50000
16
50000
50000
50000
50000
50000
50000
83
50000
9
50000
7829
220
50000
1
50000
1
50000
140
44
50000
50000
50000
50000
50000
2
1760
3845
50000
50001
1
3231
2
50000
50000
50000
50000
1
60
1
50001
50000
50000
50001
50000
50001
50001
50001
50001
50001
50001
107
50000
2367
285
50000
2
50000
50000
50000
50000
50001
37
1
50000
50000
25
50000
50000
50001
1
14
50000
7
50000
50000
50000
18
50000
846
50000
50001
8
86
50000
50000
50000
50001
50000
50000
10
50000
50000
10
50000
379
50001
25
50000
50000
50000
50000
50000
50001
197
50000
67
50000
50000
50000
50000
50000
50000
50001
50000
50000
50000
50
25
6
50000
50000
3
50000
50000
50000
50000
50001
50000
89
50001
1159
974
13
50000
50000
24
50000
2
7
35
57
170
50001
50000
50000
8
1
1136
50000
9
50000
50000
3
50000
50000
50001
480
5
50000
50000
273
2
2
3
50000
50000
50000
1256
2
50000
50000
3
1
106
11
50000
50000
5
50000
2
50001
50000
50000
1
50000
128
4606
76
50000
50001
50000
8
50000
1
16
50000
50000
50000
1
50001
50001
50000
50000
50000
11022
50001
50001
50000
50000
50000
50000
50001
50000
50001
50001
50000
8
50000
50000
1
8
50000
50000
50000
1
50001
2
50000
50001
50001
50000
50000
50001
4
50001
1
50001
50000
50000
50001
50000
50001
1
50000
30
50000
50000
50000
50000
50000
8688
50000
50000
50000
50000
18
50000
50000
5
50000
50001
47
50000
50000
635
50000
50001
50000
50001
50000
50000
1
11
50001
50000
1
50000
1
50000
50000
50000
50001
50000
50000
50001
50000
50000
50000
50001
50000
17
50000
50000
3
50000
50001
50000
50001
50000
50000
1
50000
50000
5
50000
1
307
50000
72
363
484
50000
50001
50001
50000
50000
50001
50000
1
50000
50000
50001
50000
50000
50000
1
21
50001
50000
127
582
8197
50000
50000
50001
50000
50000
1282
50000
139
50000
50000
175
50000
322
50000
2
50000
50000
50000
5
50000
50000
50000
50000
50000
50001
8
50001
50000
50000
2
50000
50000
2
1
50001
3
216
50001
2
50000
1045
50001
50000
122
50000
50000
1
11
50000
50000
50000
50000
16
7
50000
50000
5
50001
50000
50000
50000
6
50000
50001
50000
50000
50000
50001
14
50000
1
2
2
39
50000
10
50000
50001
50000
50000
50000
50001
50000
50000
7
55
50000
50000
51
169
4
50000
68
50000
8877
14
50001
50001
50000
34
50000
50000
50001
50000
50000
78
50000
16
50001
50000
50000
50001
6
50000
50000
50000
50000
50000
2
3
50001
1
50000
50000
10
50001
2
50000
50000
50000
1526
50001
50000
50000
9
3
41
1
1
50001
20
50000
50000
50000
50000
2872
37
77
1
1
101
3
2742
50000
50000
50001
50000
5
6
50000
8
50000
50001
50000
50000
50000
50000
50000
50000
1
50001
1
1
13
1
2
50000
37
50001
50000
50000
50001
802
4
100
50000
50000
50000
188
14
50000
50000
1
50001
138
50000
2196
8
50000
50000
50000
50000
50001
50000
15
50001
50000
50000
27
1
492
50000
50001
50000
50001
50001
50000
4
50000
3726
50000
50000
50000
50001
50000
50001
50001
1
331
4
50001
5
50000
50000
5
3
50000
50000
50000
50000
50000
50001
50000
50001
50000
1
50000
50001
2
50001
50000
50000
13
50000
50000
50000
50000
50000
2
50000
6
1287
14
1
50000
50000
50000
50000
50000
50001
50000
50000
1
50000
50000
1
1
50000
18
50000
2
50001
10
50000
2
7457
50000
50000
50001
1
50000
50000
1916
1
2
2
50000
50000
50000
50000
50000
50000
50001
50000
50000
50000
50000
473
50000
50000
50000
50000
50000
1
50001
50000
118
2
333
9
50001
715
50000
50000
9
50000
50000
50001
50000
4
50000
50000
50000
21
50000
1
50000
50001
50001
202
1
1
50000
1100
50001
50000
228
50000
50000
2
50000
50000
50000
266
50001
9
3
50001
6
50000
1263
4
50000
50000
50000
50000
65
75
50000
50000
50000
50000
50000
50000
50001
9
1
50000
50000
7
50000
217
50001
50000
124
50000
50000
50000
50000
50000
1
50000
50001
7
81
782
50000
50001
50000
50000
2
50000
22
50000
50000
50001
50000
49
50000
50000
50000
50000
50000
50001
50001
50000
9
41
50001
2353
62
33
50000
50000
145
50000
50000
50001
50000
50000
50000
50000
50001
7
50001
369
50000
18
30
4
50000
50000
50000
50000
140
50000
50001
191
50001
50000
26
50000
50000
4
50000
50000
50000
50000
4
50000
50000
50000
50000
50000
1
91
223
2
50000
1339
50000
50000
50000
50000
50000
1425
1
50000
7
50000
19
1
176
50000
1356
2
80
151
50000
50001
50001
368
7
876
58
50000
50000
50000
7315
50000
242
50000
50001
50000
50000
50000
50001
50000
50000
50000
50000
50000
50000
50000
92
1
2170
50000
50001
50000
50000
495
2
1358
50000
50001
50000
50001
50001
50000
50000
50000
50001
50001
50000
50000
50000
23719
1
50000
19
1
50000
13385
50000
50000
50000
41
50000
50000
50000
50000
22
50000
50000
50000
72
50000
9
50000
50000
50000
50000
50000
50000
1
50000
1
42
50000
497
50000
50000
50000
49
19089
50000
50000
50000
50000
18
50000
12
50000
50001
50000
3
50000
50000
50001
1
53
2
50000
50000
50000
50000
50000
50000
50000
50001
2637
1
50001
200
50000
50000
50000
9
5
50000
372
50001
50000
50000
50000
83
50000
25
50001
50000
50000
50000
50000
50000
50000
50000
50000
50001
50000
50000
50000
50000
50000
50001
50001
50000
50000
50000
50000
50000
50000
2
50000
42
50000
20
50000
50001
50000
50000
2227
50000
50000
50000
50001
50000
1
50001
50000
50001
50001
191
50001
50000
10
11463
10
50000
50000
1
50001
81
50000
50000
50000
144
2018
77
50000
50001
50000
4
1
50000
50000
30
9
50000
50001
3
50000
50001
5
50000
1
50000
50000
50001
50000
4
50000
50000
522
50000
50000
50000
50000
50000
50001
50000
3424
50001
50000
427
50001
50000
50000
452
474
1
50000
50000
50000
289
50001
50000
50000
50000
2
50000
50001
50000
50000
50000
1
798
50001
265
50000
50000
50000
50
50000
114
50000
1
4
2
106
50000
50001
50001
50000
613
50001
50000
50000
50000
50000
50000
50001
50000
50000
50001
50000
1
50001
50000
50000
25
50000
50001
50000
50000
50000
50000
50000
50000
2101
1
50000
50000
50001
733
1
1
50000
2
50001
50001
9
4670
13
2
50001
50000
50000
50000
50000
50001
50000
50000
50001
50001
50000
50001
2
50001
50000
50001
50001
50000
2
50001
50001
1
1
57
50001
974
50000
50000
1
50000
50
50000
50000
50000
50000
50001
50000
50001
50000
50000
50000
15713
50000
16
50000
50000
50000
50001
50000
50000
50000
344
50000
50000
50000
106
1
50000
50000
50000
1
12
66
50001
22
50001
50001
50000
113
50000
50000
1210
4549
50000
50001
50001
16
340
50000
50000
50000
8662
50000
50000
50000
50000
57
305
50000
50001
50000
2
50000
50000
50000
1
21
25
50000
1
50000
50000
41
9
50000
50000
50001
2
50000
439
50001
50000
50000
50000
50000
50001
31
50000
50000
50000
127
50000
50001
50000
14
50001
50000
36
50000
1
50001
50001
50000
3030
50001
50000
547
50000
37
50000
50001
50001
50001
50000
50000
50000
79
2
50001
12
1
50000
50000
57
50000
50000
50000
1
18
50000
50001
1
50001
1
50000
1
50001
50001
50000
50000
50000
50000
52
50000
15
1
50001
74
50000
1
50000
1
50000
2
21
50001
50000
54
50000
50000
50000
50000
50000
50000
50000
50000
50000
3712
50000
50000
130
2
50000
1
34
50000
50000
50000
50000
50000
50000
50001
122
50000
50001
1
50000
710
338
50001
50000
10
50000
50000
50000
50000
4264
2087
50001
100
50001
50001
50000
17
50000
50000
50000
2697
50001
50000
50000
50000
2
50000
50000
50000
50001
1
50000
50000
50001
50000
2601
111
1370
50000
5
208
3
50000
597
50000
50000
1
50001
50001
50000
1
12
50000
50000
50000
50000
50000
50001
118
37
50000
2
50000
1
1
50000
50000
9
50001
50000
50000
2025
50000
50001
50001
50000
4
50000
22
23
11
50000
50000
50000
1
50000
50000
50000
50000
50001
50000
50001
50000
241
50000
11
50000
50000
50000
50001
1
50000
1
1
50001
50000
50001
50000
50001
50000
50001
50000
8466
50000
3
50000
50000
50000
459
50000
50000
106
50001
1228
50000
11
50000
50000
50000
50001
50000
111
50000
50000
50000
50000
50000
50000
50001
5049
50000
50000
50000
50000
6
50001
3
6
50000
6
50000
50001
50000
2
50000
50000
50000
36
50001
50001
50000
50000
50000
50000
1
52
50000
45
2
50000
50000
50000
50001
50000
6
50001
975
2
22
50000
1
25
50001
50000
1
50000
50000
50000
50000
1
50000
1
50000
50000
118
3
50000
50000
56
50001
50001
17
2
1443
50000
50000
50000
44
86
50000
50000
50001
50000
50001
50001
50000
50000
50000
50000
20
50000
50000
50001
50000
50000
50000
21
50000
1
50000
50000
50000
50000
50000
981
50000
50001
50000
265
5
127
50001
1272
1
50001
200
159
50000
1132
50000
50001
168
50000
50001
50000
7
50000
50001
50000
71
50000
50000
50000
50000
50001
50001
50000
50000
50001
11
50001
50000
1
50000
22
35
50000
50000
50000
50000
50000
50000
1
50001
50000
50000
50000
50000
50000
3
50001
50000
50000
50001
50000
13
10
157
1
50000
17
50000
50000
50000
10
34
995
38
50000
25
50000
50000
50000
50000
50000
50001
1
50001
50000
50000
50000
278
50000
50000
50000
123
194
50000
50000
50000
207
50000
50001
50000
50001
15
19
1
50000
50000
1
50000
50000
3671
50001
50000
50000
50000
13
50000
6
153
50001
10
50000
487
50000
50000
16
14
50000
1
50000
1371
50000
50000
65
50001
6
3
50000
53
50000
50000
50000
50000
50000
50000
1
4
3
50000
50001
215
50000
1
1
385
50001
50000
50001
50000
16
4
50000
50000
50000
50001
50000
50000
50000
119
50001
608
50001
1
6
50000
50000
50000
50000
50001
1
50000
50001
50001
50001
843
50000
50000
1
50000
1
50000
50000
1
50000
885
50000
5
486
50000
2
11
4403
50000
50000
50001
1
1
50000
50000
50000
9
91
50000
1
50000
50000
50000
50001
50000
50000
50000
50000
50000
50000
50000
50000
50000
50000
50001
50000
50000
50000
50000
50000
1
50000
2895
54
50001
50000
2
50000
50000
50001
50000
50000
50000
53
15
50001
50000
50001
50000
50000
2
50000
50001
50000
2
2053
50001
50000
50000
50000
50001
50001
50000
50000
50000
50001
6
13120
50000
50000
2
288
50001
561
1
50001
3
1
108
50000
50000
50001
13
96
8
22888
14
2
50000
75
4
14083
50000
369
50000
50000
50000
4066
50001
50000
50001
50001
50000
50000
50000
50000
50001
50000
13
3
50001
50000
2
50001
50000
50000
50000
50000
1
50000
58
2239
50000
48
50001
50001
50000
50000
84
50000
50000
50000
50000
113
2
197
50000
87
50000
76
1
50001
8
50000
9
50000
50000
22
50001
68
50000
5
50000
50000
189
50001
50000
6
50000
50000
50000
50000
50000
50000
50000
2
15
50001
50000
50001
39
50000
50000
50000
1
50000
50000
50000
50000
6
50000
50001
50001
225
50000
50000
50000
50000
50000
50000
50000
3948
1
999
50000
50000
50000
33740
1
11
1211
18369
50000
50000
50000
37
50000
50000
50001
16
50000
50000
50000
50000
50000
50001
1
50000
1
50001
1735
50000
1437
50000
1
4868
50001
50000
50000
17
50000
50000
39
1
6
50001
50001
50000
50000
9
50001
50000
50000
1311
1002
840
50000
1
50000
50001
50000
50000
50000
50001
24
15
50000
501
50000
50001
105
50000
50001
15647
22
50000
50001
50000
50000
50000
50001
50000
50000
3
50000
52
50001
50001
50000
50000
50001
4
116
1
50000
50000
50000
50001
50000
50000
50001
50000
50000
50000
1
58
50000
16
50000
50001
50001
50000
50001
2
50001
5
50000
50000
50001
2
8
50000
50001
50000
1236
50001
50000
50000
50000
50000
50001
50000
50000
698
50000
57
3918
50000
50000
50000
2
50000
50000
158
12
50000
50000
50000
50000
1
50000
50000
50000
609
50000
50000
50000
20435
606
1
50000
1
50000
50000
50000
50000
50001
50000
50000
1
50000
50000
1
50000
50001
50000
87
76
50000
50001
50001
39
50000
3
50000
50000
27
559
61
50000
3272
50000
50000
2
50001
1652
50000
50000
50000
50000
5
50001
50000
106
50000
50000
909
3
1
50000
58
50000
18
50000
2
8946
50000
50001
50001
120
50000
50000
15
69
8
30
1
11
50000
15
16
148
1
50001
434
50000
50000
319
50001
50001
50000
50000
11
50000
50000
50000
50000
50000
50000
50000
50000
2
87
57
50000
50001
1117
50000
50000
50000
50000
50000
101
50000
50000
50000
50000
50000
509
5
50001
50000
50000
50000
1
3354
50000
50000
50000
50000
50000
115
35294
50000
50001
16
1
50000
50000
50000
2
50000
50000
50000
50000
50000
2
50000
37
696
50000
8
50000
50000
50000
50000
50000
1551
50001
50000
50000
50000
6
50000
50000
50000
50000
2
1
50001
50000
18
50000
77
50000
50000
50000
50001
50000
50000
4
50000
277
50000
1
50000
50000
38
50000
50001
50000
50000
44
50000
11
70
50001
50001
50000
50001
1
191
50000
4
11
1
50000
50000
50001
50000
50000
50000
50000
18
50001
50000
50000
50000
3
50001
50000
1
50000
50001
50000
50000
50001
50000
11
50000
291
50000
50000
50000
8
9
50000
100
50000
15
50000
50000
50000
50000
50000
3
50000
50000
50001
1
3
50000
2
50000
50000
50000
5
50000
6294
50000
50000
50000
1
2418
207
50000
47
50000
50000
50000
50000
50000
50001
50000
24
50000
50000
50000
9
50000
50001
50000
50000
50000
50000
50000
50000
50001
50000
50000
29
50000
50000
87
1
50000
1595
50001
60
50000
2
50000
50000
8334
77
6916
50000
1
74
2
2
50001
50001
1
50000
50000
50000
50001
50000
50000
1
188
50000
50000
50000
50000
50000
50000
2644
50000
208
50001
1141
50000
50000
50000
1
50001
50000
50000
50001
50001
6
1
50001
50000
1
17
50000
50000
50000
26
50001
50000
50000
460
1
1
50001
50000
6
50000
50001
50001
50001
28
50000
50000
495
3
50000
50000
50001
50001
50001
50001
55
50001
188
99
6392
50000
35
50000
50001
50001
23862
2
50000
50000
78
50000
5
50001
80
50000
1
50000
2064
50001
50000
50000
50000
50000
12
50001
50000
50000
50000
50000
50000
50000
2
6
1
50000
50000
2
50000
50000
50000
50001
832
50000
50000
4
50000
17
436
50000
4869
1
50000
12
50000
50000
50000
50000
50000
50001
12677
50000
50000
50000
50001
50001
50000
50000
50001
50000
3904
2
1
1
50000
50000
347
2
50000
50000
218
50000
51
50000
50000
3039
50000
50001
50000
50001
137
50000
50000
50000
19
50000
50000
50000
21
11
50001
1
50000
76
50000
50000
8
997
368
11253
50001
4
50000
50001
6
50000
50000
50000
50000
50000
50000
50001
10
50001
7
7
11
2
50001
18
50001
50000
50001
50000
50000
50001
50000
50000
1
50000
8
50000
139
111
50000
177
50000
2
7
50000
50000
16
50000
50001
575
50000
50000
6
115
1
1
50000
50001
3
1982
8
72
1
1
50000
50000
50001
50000
50000
493
50000
5
50000
50001
50000
188
1537
50000
50000
50000
50001
50001
1
26
50000
50000
50001
2241
4
50000
34
50000
2171
50000
50000
50000
50001
1
1
50000
50000
50001
50001
50000
50001
7
50000
50000
50000
50000
2
50000
50000
50000
50000
50000
4
50000
1
97
50000
50000
2151
50000
50000
50000
1
50001
50000
50000
6
50000
50000
50000
1
50000
50000
50000
50000
1
50000
50001
1
50000
50000
50001
1
50000
3
3
15
50000
50001
50000
50001
1
50000
50000
50000
50001
50001
50001
50000
50001
50000
3
19
2
1411
50000
50000
1
50000
3
50000
50000
50000
50000
50000
50000
50000
1
50000
50000
50000
50000
50000
2
12
14
50001
50000
1
50000
50000
2361
6222
37
50001
8
50000
50001
50001
50001
50000
1
50000
50000
50001
1
4
50000
50001
1
50000
50000
50000
222
50001
50000
50000
304
50000
133
50000
50000
157
1
50000
50
50000
50000
50001
1554
50000
50000
50000
4055
50001
21
50001
1
50000
26867
50000
50000
50000
50000
86
18
50001
50001
50000
1
50000
50000
50001
6852
50000
50000
50001
50000
3573
50000
50001
50000
1
50000
50000
165
50000
50000
35
5
50001
6143
18
50000
50001
1
22
50000
32
18
50000
50000
50000
50000
1
50000
50000
50001
50000
50000
60
50000
50000
50000
50000
50001
50000
133
2
50000
156
50000
759
50000
50001
50000
2226
50001
50001
175
50000
21
2
50000
7
50001
4
22398
50000
2
50001
2364
50000
50000
50001
561
50001
50000
50001
50000
50001
50000
50001
4
50000
50000
34
50000
50001
1
50000
6376
1
50000
50000
50000
50000
50000
26
2
50000
50000
50000
50001
50000
50000
50000
5365
443
2
2
195
50000
1
50001
1
1
50000
37
50000
1042
50001
50001
8
50001
50000
50000
4
50001
50000
50000
888
3
50000
50000
50000
3159
50001
1
50000
50000
2295
5
2
50000
50000
31
2
50001
50000
50000
50000
50000
50001
50000
50001
50000
50000
50000
50000
50000
50001
50000
190
50000
50000
50000
50000
50000
50000
109
50001
50000
50000
50000
50000
50000
50000
50000
50000
5
7195
1
50000
18
50000
50001
50001
50001
67
50000
5
50000
50000
50000
162
50000
1324
69
50000
50001
50000
50001
50000
50000
50000
7
50000
222
50000
50000
50000
2089
50001
2
37
10
423
50000
1
165
50000
87
11
50001
50000
1
4
50001
50000
1
4
50000
50001
1
32
50000
50000
50000
589
1
443
48
50001
50000
50001
4829
50000
50000
6
50000
50000
50000
100
50000
50000
50000
50001
50001
50001
1
50000
50000
50001
50000
1235
50000
34
50000
50000
50000
50001
3358
50000
50000
17
50000
50000
50000
50000
50000
50001
50000
50000
50001
59
50000
50000
50000
50001
2
4
50000
5
50000
50000
50001
50000
50001
50001
16
50000
50001
50000
50000
50000
20
13
50000
1
50000
50000
50000
61
50000
50001
50000
50001
1
50001
50000
50000
50000
16764
50000
50001
50000
86
44
3
50000
50001
50000
50000
50000
50000
16
3402
1
5
50001
50000
906
50000
50000
14
50000
50000
50001
6026
50000
3
50000
50001
50000
50000
50000
1
1
50000
2
50000
50000
50000
18
1181
50001
50001
50000
1
3
50000
50000
50000
50001
2
50000
163
50001
50000
50000
50000
527
27
319
50001
850
50000
10
50000
2
50000
50000
50000
12
50000
50000
50001
50000
50000
50000
50000
50000
1
1
50000
1
1
50001
50001
50000
502
50000
50000
50000
63
50000
50000
50000
558
50000
50000
50000
50001
50000
50000
23
50000
50001
50001
813
2
342
50000
1188
50000
50000
50000
50000
4
50000
50000
50001
61
64
50000
50001
1
50000
50000
215
50000
50000
50001
2
3605
76
981
50000
50000
2
50000
50000
9
50001
50001
8
1
50000
2193
50000
366
50000
50001
50000
155
173
50000
50000
50001
23
8050
50000
50000
50000
1
50000
50001
50000
50000
50001
50000
50000
1
50000
50000
50000
42
50000
50000
50000
50001
50000
50000
50000
50000
50001
50000
50000
50000
50000
2
50000
50000
50000
50001
2
50000
275
50000
50000
50000
1
50000
50001
50001
51
2
50000
99
50001
50000
50000
50000
22502
50000
50001
50001
50000
221
4
50000
50001
50001
73
4
50000
50000
50000
50001
1
50000
50000
50000
50000
50000
50000
10
50000
50000
50000
5
50000
50000
50000
50000
50001
50001
50000
50001
50000
125
50000
50000
50000
50000
1
50001
50001
2
201
50000
50000
57
1122
50000
1
50000
50000
9
1
50001
50001
50000
50000
50000
14
50000
50000
50000
50000
50000
50001
50000
2
50000
50000
22
50000
50000
34
50000
50000
50000
50001
17
50000
193
50000
150
131
50000
50001
50000
28
50000
1
50001
954
2
1
1
41
50000
50000
50000
50000
9041
50000
50000
50001
50000
50001
50000
356
1
11
41
50001
50000
50001
50000
50000
50000
50000
50000
50001
50001
50000
50000
50001
50000
50000
3033
50000
50000
50001
14
50000
50000
768
50000
50001
50001
33
18
50000
7
50000
50000
50001
3
50000
50001
50000
50000
782
50000
1117
50000
50000
50000
50000
1149
50000
50000
50000
1
50000
50000
50000
50001
50000
16
1
50000
15
50000
50001
20
50001
50000
50000
2
4
50000
50000
2
50000
50000
2
185
17
50000
50000
50000
50001
50000
50000
50000
50000
1
50000
50000
26
2073
50000
50001
50001
50001
50000
1
50000
50000
1161
47
50000
50001
50000
58
50001
50000
50000
58
50000
23
41
10
257
50000
50000
50000
50000
50000
1751
2
50001
50000
50000
50000
50001
50000
50000
18
2
16
5
50000
41
50001
7
192
50000
50000
50000
50001
2
532
50000
50000
50000
50000
42670
50000
647
50000
50000
50000
50000
71
50001
50000
9
50000
50000
6
50000
50000
50000
50000
2076
50000
1
50000
50000
50000
50000
50000
1
13
50000
50000
87
50001
50001
50001
50000
50001
3
50000
1
50001
50000
50001
1414
50000
1
50000
27
50000
50000
128
39
50000
50000
1
50001
1
32486
50000
222
50000
50000
50000
2
50000
50001
1
50001
3
1
10
57
229
1
50001
14
50000
3
3
50000
50000
50000
50000
50000
50001
50000
50001
50000
2
7
50000
40
50000
4836
6
50001
11
50001
50000
50000
50000
50000
50000
50000
50000
50000
313
50000
50000
50000
50000
50000
50000
50001
1
50000
50000
2
50000
50000
50000
50000
50001
50000
50000
22
50000
3
50000
1
7651
2
50000
50000
50000
98
50001
9
11
50001
50000
50000
1
2
50001
50000
50001
50001
50000
50000
50000
50000
1
50000
2
50000
50000
50001
1
50000
50000
1
8
5563
50000
64
50000
50001
15
50000
50000
14
50000
2
50000
50000
50001
50000
50000
50000
50000
50000
50000
50000
2
50001
50000
50001
50000
50000
21
20
50000
430
346
50000
228
50001
50000
50000
50000
31310
50000
2
50001
50000
50000
50000
50001
3
50000
50000
50000
50001
50000
50000
50001
50000
4
139
293
50001
50001
50000
50000
1
50000
50001
50000
77
50000
50000
50000
3
50000
4
114
50000
50000
1
2
50000
50000
50000
50001
50000
50001
1
15
50001
50001
1
1611
228
1
50000
50001
2
21
50000
60
50000
50000
50000
7164
50000
50000
50000
6
50000
1
50000
50000
140
50001
2987
7
50000
50000
50000
50000
50000
50001
50000
50000
50001
50000
50000
50000
50000
50000
50000
50001
8
50000
50000
127
50000
43
50001
1
50000
87
39
5
48
50000
50000
50000
50001
50000
50000
50000
50000
50001
50000
50001
50001
50000
50000
15
50001
3
50000
50000
4
50000
24
50000
1
50000
1
50001
50000
50001
50001
50001
8
1753
50000
68
50000
50000
50000
1380
50000
50000
50000
9
295
50001
298
2
2
50000
50000
7
50000
50000
50000
50001
50000
493
67
50000
1
1
50000
50000
102
50001
50000
13
4
50000
50001
50000
50000
50000
1
50000
50000
2
50000
50000
50000
1
3
50001
50001
343
50001
9
2
50000
50000
50000
50001
50000
50000
50001
2
1
50001
45
50000
50000
50000
50000
50000
50000
6
50000
192
66
50
50000
2
50000
8
50000
50000
2166
1
50000
298
19
5
6
50001
50000
1
50000
50000
50000
50000
50000
287
50000
82
50001
50001
50000
50000
1
50000
603
1
50000
50000
50000
1
50000
438
50000
50000
1693
50001
50001
50000
2
50000
50001
8
50000
1107
16
24
50000
1
50000
6
50001
50000
50000
50000
83
50001
50001
50000
50000
50000
50001
50001
2
1589
42
50000
50000
50000
1
50000
50000
50000
1
58
50000
1
394
4
50000
50000
50000
50000
62
50000
50000
2
50000
50001
48
1
50000
50000
50000
50000
50000
50000
289
50000
50000
50000
50000
50000
50001
50001
50000
4
142
50000
50000
143
50000
50000
674
50001
50001
2
50000
50000
6
50000
26
50000
50000
979
50000
50000
50000
4
22
50000
50001
5
20523
50000
50000
50000
14
50000
10
50001
36
50000
50000
50000
50000
50000
50001
50000
2348
50000
7
50000
20
50001
50000
8
50000
15
50000
50001
1393
2
3
50000
12
241
3
50000
2
50000
1
50000
50000
50000
50000
54
1
4822
1146
50001
1
50000
50000
50000
50001
50000
50000
50000
50000
50001
694
50001
50001
50000
17
1116
50000
50000
50001
1
50000
50000
884
50000
50000
3050
396
50001
50001
8
1
4
3089
82
2520
50000
50000
50000
50000
50000
50000
50001
50001
50001
16
50000
50000
50000
50000
55
50000
50001
50001
50000
50000
4035
14
50000
50000
50000
50000
50001
50000
1
415
50000
50000
7226
50000
50000
50000
3
50000
50001
50001
50000
50001
50000
50000
25
50000
30
362
2
3
50000
50000
50000
116
50000
50000
50000
50000
50000
50000
50000
50000
8
3
50000
50001
50000
309
1
50000
50000
2117
310
50000
3
287
50001
3
50000
1346
50000
50001
6
50000
50000
6
50000
1339
50000
50000
123
50000
2
50000
710
50000
50000
50000
1
50000
50000
50001
147
1
50000
50000
50000
50000
50000
1
556
50000
528
50000
50001
50000
50000
50000
65
50001
50000
50000
50001
50001
50000
866
50000
50000
1
50000
50000
50000
50000
50001
50000
50001
50000
50000
50001
3320
50000
50000
50000
50000
50000
50000
2730
50000
50000
2466
2
50000
50001
50000
7
1
204
50000
975
50000
50000
50000
1
50000
50000
50000
9
50000
50000
50000
79
72
50000
50001
50000
50000
50000
50000
188
50001
50000
50000
50000
346
50000
50000
136
50000
1
25
50000
50000
10
50001
50000
1
40
50000
185
1
50000
50001
1
50001
50001
50000
50000
50001
1
50000
50001
50000
847
50001
21
11
50000
50000
15
50000
50000
50001
50001
50000
2
50001
50001
50000
1
50000
50000
50000
50000
50000
8
50000
50000
50000
239
50001
50001
5
50000
10
1
50000
50000
255
50000
50000
2
14
50000
20
48
50000
296
878
50000
50000
50000
50001
50000
50000
50000
50000
8
8
50001
50000
50000
9
50000
50000
50000
50000
8
20
50000
195
50000
50000
50000
50000
1
50000
50000
50000
50001
50000
50000
50000
1
50000
50000
1
50001
50000
50001
50000
50001
50001
1
431
50000
50000
50000
50000
50000
9
50000
50001
23
50000
10
50000
50000
50000
50001
925
50001
50000
6
57
1
30
249
1
3
1
50000
50000
50000
1
50000
50000
50000
89
50000
50000
50000
215
50000
50000
1
50000
50001
50000
50000
50000
50000
50001
50001
8
50000
50000
50000
5
1
50000
50001
50000
50000
50001
67
50000
3
50000
50001
50000
50001
50000
2
50000
50000
50001
50001
50000
50000
50000
1
18004
2
50000
50001
1
50000
1
50001
50000
50000
50001
152
50000
50000
50000
7
50000
50000
1716
50000
90
2
1449
7
50000
50001
50000
50000
2
50001
50000
5
14
14
50000
9
50000
50000
46
50000
50000
50000
50000
50000
50000
7
50001
50000
50001
50000
142
50001
50000
50000
50001
50000
50000
15
27
1
84
50001
1
50001
50000
50000
50000
6
50000
50000
50000
4
50000
50000
2
708
44
50000
1
50000
50001
50000
50000
50000
50000
50000
50000
231
50000
50001
50000
50000
50000
50000
1
50000
50000
50000
4
703
1
3
50000
50001
1
1966
50000
50000
50000
50000
50000
50001
50000
50000
3017
50000
50000
50000
3
50000
50000
7
136
42
50000
50000
50000
374
50001
50000
50000
50000
851
6
50000
50000
91
50000
50001
50000
2
50000
50000
50000
50000
50001
50000
50000
50000
3
2
50000
50000
50000
99
50000
50000
50000
50000
23
1
50000
50000
50000
50000
50000
50000
50001
50000
1
50000
50000
50000
50001
50001
50000
50000
50000
50001
50000
50000
1
1111
50000
50000
81
28
50000
50001
50000
50001
50000
50000
50000
50000
50000
1
50000
50000
1
50000
3
50000
50000
1
2002
129
50000
50000
50001
50000
1
12
50000
50000
2
158
50000
50000
3
50001
1
50000
113
50000
50000
75
50000
50000
50000
50000
50000
50000
50001
50000
52
1
50000
50000
3
50001
50000
41
27
50001
50000
50000
50000
140
50001
50000
50000
50000
77
1
50000
42
544
50001
1
50000
50000
50000
50000
50000
1
55
50000
24
50000
50000
47
50000
50000
50001
50000
50000
52
11
50000
50000
50000
2
1
50000
11
50000
50000
50000
50000
50000
50001
50000
50001
1
50000
50001
50000
50000
1
641
25
50000
28
31
50000
852
50000
50001
50000
50000
27
87
90
50001
50000
50000
244
50000
1
1100
50000
50000
50001
1
1
50000
50000
72
20
50001
50000
50000
50000
87
8
50000
50001
50001
288
165
50000
50001
50000
18
1
50001
188
232
50001
50000
50001
186
50000
50001
50000
50000
102
50001
435
50000
50001
50000
50000
50000
50001
50000
50000
50001
50001
50001
50000
1
50001
50000
50000
50000
50000
1446
50000
50000
50000
50000
50000
50000
50000
2
50000
50001
2
50000
50000
50000
50000
1472
873
50001
77
50000
50000
19
50001
50000
50000
50000
50000
50000
198
1
50000
50000
50000
50000
112
50000
150
2128
50000
50000
50000
50000
50001
50000
50000
50000
50000
50001
50000
50000
50000
50000
50000
1
50001
50000
50000
19438
50000
50000
50000
50000
50001
50000
50000
50000
50000
50000
3487
50000
2
50000
50000
1529
99
50000
6
50000
50000
50000
21
50000
50001
50001
50000
50001
50000
50000
50000
4
1
50000
50001
50000
4
6
50000
29
50000
18
50001
13
390
1
9
50000
50001
1
2
50000
50000
6
50000
1
50000
7628
201
27
93
50000
12
50000
22
50000
2
50000
6
50000
50000
50000
50000
50000
50000
50000
1
8
50000
50000
30
50000
1
2
50000
50000
50000
3117
50000
2
50000
50000
50001
50000
407
50001
50000
3733
2
50001
26
50000
50000
50001
515
672
50000
50000
50000
50000
50000
50000
47
50001
19
50000
50001
1
50000
50001
19
1
50000
50000
50000
50001
50000
50000
50000
50001
50000
50000
50000
3
50000
50000
2131
50000
50000
50001
25
50000
50000
85
50000
50000
50000
50000
44
4044
49
50000
1
110
50000
2133
50000
50000
1009
1
50000
50001
50000
5
50000
50001
50000
50001
50000
9
50000
50000
18
1
6
50000
50000
50000
50000
7
50001
50000
50000
2
50000
50001
17
50000
587
50001
50000
5525
10158
50000
50000
50000
50001
50000
50000
91
8
50000
50000
4
50000
50000
2
202
50000
50000
4
50000
50000
51
8064
50000
2
50000
35
164
50001
10237
50000
50000
50000
50001
50000
226
50000
15
50000
50000
50000
50000
50000
50000
50001
2
50000
50000
50000
2
50000
50000
74
50000
50000
50001
50001
50000
1
50001
50000
50000
36
50001
82
1032
50001
1
50000
29
50000
24
2
1812
50000
50001
50000
50000
50001
50001
50000
50000
50000
50000
346
50001
50000
50000
50000
50001
2
50000
50000
50000
50000
50000
50000
50000
50000
50000
50000
50001
1
50000
50001
50000
50000
50000
50000
50000
50000
50000
50000
172
24
50000
50001
50001
50000
50000
50000
50000
50000
50000
50000
50000
50000
50000
347
50000
50000
50000
50000
50000
111
1
50000
50000
1
1
328
6
50001
50001
50000
1
50000
50000
50000
50000
50000
50001
50000
14
50000
50000
50000
132
12
50000
22712
6
50000
50000
50001
50000
481
50000
50000
50001
50000
50000
2
50001
50001
1
50000
50000
50001
50000
50001
50001
1283
50001
555
50001
50000
50000
50001
50000
50001
50000
37
50000
8530
50001
50000
50000
50000
50000
50000
50001
50000
50000
50000
1
50000
50001
50001
50000
50000
4
50001
6733
80
4
50000
50001
50000
2
50000
50001
50000
50000
50000
50001
50000
50001
1
50001
50000
50000
1058
2987
402
50000
255
25
50000
61
2105
50001
491
50000
50000
50000
48
50000
50001
50001
7
50000
110
350
50001
50000
50000
99
50001
17
50000
50000
50000
50001
50000
50001
50000
50000
50000
50001
19
50001
50000
50001
50000
50001
50000
50000
50000
50000
50000
50000
6
50000
50001
50000
8
50000
50000
50001
623
50000
50000
50001
50000
50000
50000
50001
50000
50000
50001
50001
50000
50001
50000
50000
50000
50000
350
50000
50000
33
50000
50000
1
50000
50000
50000
50000
50001
1
50000
103
50000
50000
94
12
2727
50000
50000
50000
50000
12
50000
1
1848
11
50001
50000
50000
50000
50000
50001
3
50000
35
50000
3
50001
50000
50000
50000
2
1
50000
50001
1
50000
50000
50000
2
6
50000
50000
50001
50001
186
50000
50000
227
1
50001
50000
50001
50001
50000
8
73
50000
50001
50000
50000
50
50000
50001
50000
50000
50000
50000
50001
50000
50000
6
1
50000
50001
518
50000
11
50000
2
1213
7
50000
50001
50000
50000
50001
50000
50000
3527
1
50000
50000
1855
50000
50000
50001
50000
39
50000
50001
50000
166
50001
21
7
50000
50000
50001
50000
50000
50000
50000
8
50000
50000
16
34
41
50000
14065
50000
50001
12
50001
50000
50000
50001
50000
50001
50001
50000
50001
50000
297
1
90
50001
29
858
50000
50000
50001
50000
1
50000
50000
15
1
50000
50000
2
50000
50000
50000
50000
50000
38
50001
4
3
50001
2
1
2
50000
52
9
50000
26
9
50001
50000
50000
50000
50000
50001
1
50001
1733
4
50001
50000
50001
50000
6
1329
176
50000
50001
1
50000
3
50000
1
50000
3
50000
449
50001
50000
50001
50000
50000
50000
50000
50000
33
2
50001
1006
50000
502
50000
50001
50001
50000
50000
3
219
50000
50000
50000
50000
9
149
15
50000
50000
50000
50000
50000
50000
50000
50000
219
50000
50000
50000
50000
50000
50000
50001
9
50000
50000
50000
50000
50001
50000
1
50000
1
50000
50000
50000
50000
3240
56
50001
50000
102
50000
50000
50001
50000
50000
50001
17
50001
1
50000
50000
120
50000
50000
50000
50001
680
73
50000
6
707
6
50000
1
50001
50000
50000
50000
2
1
50000
42
50000
50000
50000
50000
50000
490
50000
50000
50001
50001
50000
50000
50000
1
747
50000
27
299
50000
50000
50000
50001
50000
50000
50001
50001
50001
50001
50000
50000
50000
50000
50000
46
1735
50001
50000
50000
27
864
50000
50000
50000
28
50000
50001
2
1
50000
184
50000
1
13386
50000
50000
50000
1
50000
50000
50000
353
50001
128
50000
193
50000
50000
32
50001
14
1043
17
118
50000
50000
50000
91
50000
50001
50001
50000
2064
1106
50000
13
50000
50000
50000
50000
50000
50001
10947
50000
50001
50001
1085
3
50000
1
50000
50000
50001
46
50001
50000
1535
50000
1
50000
25
48
50001
50000
7
50001
50001
50001
50
50000
67
50000
1
50000
50001
50001
181
2
79
50000
50001
56
50000
13
50000
50000
50000
1005
50000
5
1
3
584
1
50000
50000
50001
50000
50001
50000
207
50000
25
50000
14
50000
2
1
50001
50000
10294
4
1
144
22
50000
10
249
212
50000
665
10
50000
89
1
192
50000
50000
24
1
50001
1
1
50000
50000
50000
50000
147
1
50000
50001
50000
3
103
6
1
50000
50001
50000
4
50000
2
50001
50000
50000
50000
50001
50001
5
3374
1
50000
50000
50000
50000
349
50001
50001
616
50000
50000
50001
22
9
50000
50000
41
50000
50000
50000
32
50000
50001
50000
50000
50001
50000
50001
2
50000
331
50001
50001
50000
50001
50000
2
3
50001
50000
50001
50001
50000
50001
50001
50001
50000
50001
2
50000
50000
50000
47
50001
50000
50000
50000
50001
50000
50000
50000
4
50001
50000
104
50000
19
50001
4749
50001
1
50000
50001
50000
2
98
50001
50000
50001
4175
50000
50000
50001
194
50000
50000
146
8
50000
6
50000
1
1
50000
2
1
50001
50001
50000
50000
50000
50000
50000
50001
50000
25
50001
2
50000
2
50000
50000
50000
50001
50000
77
50000
50001
4
50000
50001
50000
50000
50000
50000
2
50001
50000
50000
50001
50000
1
50001
50000
50000
1615
50001
50000
50000
50000
275
50000
50000
50000
50001
66
50000
50000
50000
1256
50000
1
471
8
1
1
50000
50001
50000
50000
28
50000
22
50000
227
85
50001
50000
538
9
3
50000
2154
48
1
50000
50000
50000
50000
50000
50000
50000
23
50001
50000
128
50000
141
50001
50000
50000
50000
50000
50000
1
1510
53
2
50000
50000
704
50000
5
50001
50001
50000
50000
50000
50000
50000
50001
50000
176
4443
50000
2
50000
50000
13
50000
50000
50000
50000
9
50000
50000
50000
19
50001
50000
50000
6
50000
1
7
1565
18
50000
50000
2
50001
1679
50000
1
1
50001
50000
50001
1
50000
50000
50000
50000
50000
51
1
50001
50001
50000
50000
50000
6
50000
72
50000
2
50000
30
50000
50001
43
50000
56
50000
69
50000
50000
50001
50000
36
50000
50000
12
50000
50000
50000
50001
50001
1
50000
50000
50000
50001
5
50000
1
15
50001
387
50000
50000
50000
50000
50000
50001
2
50000
3037
50000
50000
50000
50000
1
13
1250
355
50000
50000
50000
7
50000
50001
50001
50000
2605
50000
50000
1
69
50000
2
30686
2434
50000
50000
50001
50000
50000
1
946
50000
36
50000
223
700
50000
50000
1
50000
50000
4
50000
50000
50000
50000
50000
50001
50000
50000
50000
50000
1
50000
50000
50001
50000
50000
670
50001
50000
50000
50000
15
2
50001
43
50000
50000
50000
10
50000
3517
50000
5
50000
50000
199
1
3
1
50000
50001
50000
50000
50001
50001
50001
7
50000
1
21
4
6
1192
50000
50001
50000
50000
50000
50000
50000
258
50000
50000
50000
50000
50000
103
50000
974
50001
50000
50000
50000
50001
50000
1
50000
50000
1
50000
50000
76
3829
50000
18
50001
2102
5
1
50000
50001
3
50000
1
50000
1
1
50000
50000
54
7
50000
50000
50000
50000
1
112
50000
50000
50000
50000
50001
50000
50000
222
136
3
50001
50000
50001
1515
1
50001
50000
50000
50000
50001
5
50001
7
50000
50000
50000
50000
6
50000
12743
13
9
50000
50000
1
1922
50001
1422
50000
50001
50000
50000
50000
6
50000
1525
50000
10
9
50000
1
204
50000
1233
50001
50000
50001
165
1
50000
50000
50001
50000
4
50000
50000
50001
1
1
50000
37
50000
50000
50000
50000
50000
50001
64
2
4
1
29
50000
50000
50000
1
50000
50000
642
50000
1
4
50000
50000
531
50000
50000
4
2
1
5
50000
50000
50000
50001
50001
50000
50000
50000
50001
50000
54
50000
128
50000
1
50000
50000
50001
50000
50000
3
50000
10
50000
1
50000
50000
50001
50000
50000
3
50001
50000
50000
50000
50000
126
50000
50000
50000
50000
50000
50000
50000
50000
1
50001
50000
22
50000
7150
33
50000
50000
50000
50001
50000
1
50000
50000
50000
50001
2
50000
1
50000
50000
50001
50000
2
2
5
50000
50000
50000
1
50000
50000
17434
50001
50001
1
50001
50001
50000
50000
50000
36
50001
50000
50000
24
12728
135
50000
1
50000
1466
2674
241
50000
1
50000
50000
103
3
50000
50000
50000
50000
633
50001
1
2
2
50000
50000
50001
3
50000
45225
50000
50000
50000
50000
50000
50001
1
50000
1355
50000
50000
4
19
1080
50001
3493
12
50000
50001
50000
50000
50000
1498
50000
10
50000
50000
50001
2
50001
3
50000
50000
50000
50000
483
50000
19783
470
1
50000
50000
23
2201
50001
70
50000
50000
50000
50000
1
73
50000
50000
50001
50001
50000
50000
50000
6288
50001
50000
1
50000
50000
50000
2194
50000
10246
50000
50001
50000
50000
50000
2
50000
50000
50001
50000
50000
1
50000
50001
50000
50000
42
50000
2
50001
8
50000
50001
50000
391
50000
50000
50000
7
558
50000
5
4
50000
50000
50000
1
50001
5
50000
50000
50000
50000
50000
50001
50001
50000
1
50000
50000
67
50001
50000
50001
3970
50000
2
50000
50000
74
50000
1
2
50000
14
50000
50000
7
25
50000
29
1
50000
50000
50000
50000
50001
5
50000
50000
50000
50001
2
50000
50000
50001
50000
1
1
259
7052
50000
335
50001
11
50000
50000
50000
34
50000
50000
50000
50000
1
50000
50000
50000
50000
50000
50000
50000
50000
50000
50000
1245
50000
50000
50000
24
2
50000
1
50000
6
220
50000
120
3
50000
529
50000
50000
50000
50000
2
50000
50000
1392
1
445
50000
3978
50000
50001
50000
737
50001
79
216
1
50000
1
70
50000
50000
10
50001
50000
50001
50001
50000
3
50000
16
50000
50000
50000
50000
50001
245
50000
54
50001
50001
50001
50001
208
50000
79
50000
85
50000
50000
50000
50000
57
50000
50000
50000
50000
50000
50000
50000
50001
6
50000
50000
50001
50001
396
50000
50000
1634
50000
50000
50001
1174
1640
50000
249
50001
50000
8
8
50000
50000
1
19
50000
305
50001
5779
4
50000
50001
50001
115
1
50000
50000
50001
50001
50001
50000
50001
77
50000
50000
50000
1582
50001
12218
50000
10
4
50000
50000
50000
50000
50000
17
50001
50000
50000
50000
50000
1137
50001
50000
50000
50000
50001
50000
50000
50000
50000
50000
50000
18
1
50001
50000
38
50000
50001
50000
50000
5
50000
50000
50000
50000
50000
50000
50001
50001
50000
50000
1
123
50000
50000
50001
50001
50000
50000
872
50000
50000
768
5
50000
24
50000
2
50001
50001
50001
50000
9
50000
1
32
50000
1
50000
50001
7
1056
27
50001
50000
50001
69
6
8
11
50000
5
50001
34
22
50001
50000
50000
50000
7
22
50001
2053
50000
50000
50000
50000
5
50000
50000
50000
1
22
17069
23
50000
50001
9
50001
50001
36448
50000
50000
50000
50001
50000
50000
50001
50000
50000
50000
50000
50000
50000
50000
50001
50000
1
50000
50000
50000
50000
50000
50000
50000
50000
1
50000
50000
699
3
50000
50001
50000
50001
50001
50000
50000
50000
50001
20
50001
1
50000
50000
21
50000
1
50000
50000
50001
33
27
50000
50000
50000
50000
194
50001
50000
50000
50001
50000
50000
50000
50000
50001
50000
8897
50000
50000
